10
-55.21 -68.53 -80.18 -96.61 63.55 29.22 25.95 -63.02 -6.92 -19.37 
29.05 50.99 29.12 -41.71 -97.48 -39.57 -85.35 -52.32 14.43 83.32 
39.74 40.07 -27.17 -18.26 -89.78 -1.07 -98.49 -49.76 -50.84 -69.04 
-6.57 -50.48 -31.53 -54.17 4.38 68.58 -4.07 -79.29 44.89 -61.18 
-98.65 -86.52 -45.89 -57.17 -75.89 -51 43.5 -26.76 5.51 -77.58 
25.82 -28.38 -52.93 -9.26 79.22 70.96 17.77 -67.32 -61.61 -15.63 
-49.94 -28.39 -7.73 -51.28 58.52 13.84 -98.32 -32.05 8.29 -92.39 
-62.38 -16.14 -41.57 -73.67 -12.38 12.95 16.07 -59.19 -28.75 38.49 
-43.94 -98.91 -51.41 -43.75 -74.87 -94.52 58.18 48.07 -55.13 -24.88 
19.45 -80.12 -54.92 -64.83 -93.42 72.25 -57.93 -2.34 51.85 -92.16 
