100
-18.75 96.39 10.56 32.91 17.05 71.51 25.23 -70.66 84.18 71.53 25.7 78.01 43.65 14.12 -83.59 -98.32 71.8 -93.62 -19.53 5.88 -44.28 50.57 -9.25 9.84 0.85 72.98 -67.9 25.01 59.74 23.12 15.2 16.35 65.89 -76.02 -7.91 -86.54 -1.39 7.7 -86.32 17.59 -99.01 64.32 -82.07 -32.81 43.08 -19.56 -11.1 50.79 -62.71 74.27 75.59 -78.86 -8.03 86.76 21.17 -91.96 -68.82 -37.04 19.42 -37.49 90.16 -65.47 -83.21 -30.01 -85.5 -9.51 -8.02 -87.55 10.83 -71.86 -0.48 -47.27 21.67 41.55 -86.53 -57.44 -17.08 5.17 -97.53 -44.67 49.38 18.84 -36.53 55.49 72.34 -92.3 -75.46 -4.92 -89.62 -84.32 -75.36 -99.65 -97.99 -33.06 -12.82 -63.1 -69.59 -15.07 8.04 -26.37 
32.02 -20.22 -76.21 -34.14 56.2 -89.51 -27.59 95.11 -93.85 -69.35 29.07 -56.9 51.34 19.88 -96.26 -15.62 -30.61 -83.98 -59.08 -39.69 24.57 -79.35 -94.2 -36.62 24.01 -73.17 -94.19 -22.36 69.17 -39.18 -38.36 -40.52 -98.73 -34.46 70.25 -84.71 56.18 -57.08 -93.97 -54.79 -83.46 -89.48 10.97 79.77 28.06 -23.02 7.18 57.35 5.77 -68.01 -57.59 -41.31 90.84 -12.79 -17.22 -60.13 -65.06 -50.98 -32.82 90.66 72.65 8.51 25.35 -38.1 7.83 33.72 -90 -58.06 -29.84 -97.25 -95.51 -68 -21.4 -83.92 -5.14 41.25 -38.64 -45.76 -91.9 -74.34 20.26 -57.46 -56.17 -27.59 -66.14 -38.48 -11.67 -80.21 46.75 24.32 -46.87 -98.34 -92.68 93.49 -49.42 -8.45 -70.67 -28.45 1.56 -20.07 
-11.67 46.07 9.13 68.7 -48.32 -97.69 -74.57 -86.31 -52.97 -36.79 92.07 14.67 -53.59 -47.76 -97.34 -95.46 -35.37 54.25 -10.61 -32.76 32.13 -0.51 -84.14 -42.74 -18.72 90.42 -43.03 -22.22 -6.43 -88.38 -9.27 -81.69 -2.22 -78.91 -70.49 -57.47 66.52 7.82 -92.92 65.85 -39.21 -3.03 23.44 13.11 89.23 -50.66 80.77 -42.23 -53.61 23.53 -23.55 -62.66 -30.75 -78.01 11.97 -24.02 -72.79 93.76 25.99 -48.26 -83.24 -29.83 -61.58 -71.3 -72.74 -87.11 9.37 59.55 -23.66 -83.46 3.91 4.34 -90.67 -3.92 -37.53 39.14 48.5 -94.26 10.37 -72.02 -98.97 -8 -8.81 -85.36 14.05 22.94 13.06 -75.11 -35.89 -37.51 -48 46.27 20.6 -80.59 -7.13 -24.04 57.79 81.68 -84.02 27.49 
67.48 23.75 95.03 46.04 -93.07 65.57 -51.71 -15 12.45 -61.35 55.74 93.67 58.03 -80.87 -1.18 -97.56 -89.1 -48.93 -38.9 70.68 -9.09 -24.61 -36.44 -14.71 -95.48 4.57 -82.67 -20.15 -71.03 69.15 -32.18 -99.49 -12.96 -2.31 2.27 -9.6 -18.17 -69.69 -1.12 -10.7 -25.24 -51.04 51.49 15.86 -94.53 -88.15 71.08 -66.57 9.66 49.49 2.44 -54.44 -34.85 -24.25 -59.59 -60.84 -43.55 -73.16 -37.54 -57.3 -39.61 64.51 6.91 -20.83 -12.43 90.28 -20.52 -25.23 76.23 -48.01 -71.92 -18.22 62.24 -34.14 -8.07 65.87 -43.9 -86.06 -52.11 -23.96 -62.08 78.92 26.1 19.68 -3.34 43.66 85.84 35.29 42.06 43.43 66.26 -67.57 30.24 21.42 -73.57 10.46 -72.9 -45.93 23.22 -53.25 
12.24 -15.53 0.94 -23.15 7.11 -53.14 31.1 80.54 -35.77 16.67 3.41 83.45 -88.25 -16.26 8.5 62.75 -90.79 -65.62 -73.37 64.48 -39.86 39.84 54.09 99.52 96.66 -14.27 -1.53 -29.27 -75.61 -30.02 89.73 8.84 -1.71 -98.6 -66.29 -75.27 -52.93 -22.17 -6.62 51.65 -91.19 20.43 -47.69 -27.78 97.35 -90.97 13.39 -34.6 6.54 -87.67 -31.51 -80.71 -85.05 -70.08 -33.66 4.68 -95.95 95.45 18.62 99.79 48.37 -97.48 77.97 56.78 -60.25 -59.06 21.49 5 80.6 -71.75 62.84 -91.13 10.39 -54.52 -56.57 -11.64 -78.37 -16.51 47.24 -99.2 -4.35 61.74 40.63 -61.31 -28.47 -71.84 58.47 -53.46 -50.87 -74.64 -21.65 66.8 -43.64 -83.09 46.57 -58.79 -33.41 -94.25 -44.75 -28.69 
11.61 12.96 -89.09 64.46 -68.85 -95.8 -78.47 -3.41 72.39 8.81 -51.46 -2.91 -81.2 -41 -48.92 -91.95 72.68 -39.61 -54.43 -21.35 42.55 -74.53 30.99 -12.64 -88.83 -93.32 69.22 -76.98 -77.27 18.3 4.84 -31.57 77.14 -41.91 24.11 68.56 -42.12 -98.84 -62.14 35.7 -12.57 98.01 26.15 -24.43 76.93 17.34 -40.85 42.14 21.98 25.4 -69.84 92.45 -35.78 -72.77 -1.95 95.84 -91.28 21.33 -93.05 1.01 21.39 -62.13 18.94 42.81 19.67 18.12 48.58 -46.11 18.99 -22.27 39.54 -9.11 37.76 -90.58 -34.37 -15.17 -4.48 -2.55 -7.7 19.14 28.49 -22 -14.91 17.26 -81.31 -90.41 24.61 -71.73 22.7 11.04 8.19 -71.14 45.06 71.26 -13.19 15.01 -12.87 -7.16 -99.13 18.77 
12.15 -4.91 -75.11 -78.55 -17.23 -59.61 -94.09 -88.64 -30.61 24.53 -60.16 -53.37 -93.32 73.64 -84.77 -90.32 24.46 15.99 89.92 -5.18 59.91 9.63 -35.99 -18.81 0.83 -65.61 -12.81 -48.01 -11.77 48.7 -70.45 61.07 -68.01 -21.05 -56.55 60.74 4.34 -94.1 -37.4 -92.78 62.6 -67.07 31.66 -76.7 -68.17 -48.57 12.87 -25.11 -30.7 9.7 41.43 -75.63 15.61 23.91 -2.42 4.5 -62.57 -81.63 -88.28 39.46 -90.54 97.47 98.22 -0.45 14.78 -97.53 95.94 -39.18 0.45 32.28 -5.99 79.37 -19.14 87.51 -68.2 4.85 -15.34 -21.19 -87.08 62.26 -6.74 -36.86 -94.54 -7.78 -92.51 -83.3 -52.96 -89.12 -54.82 -4.2 86.24 92.49 -46.56 -93.09 -14.49 -92.1 66.03 -79.67 34.25 -52.12 
-53.15 74.13 -54.16 17.33 54.46 -93.11 -27.46 -89.57 23.66 -76.15 -62.28 -57.89 -77.32 96.23 87.2 -96.93 -58.26 62.13 -79.07 5.65 11.38 14.39 -39.93 -82.72 17.55 -26.89 -70.25 -2.27 -84.13 -9.99 61.53 -77.86 24.77 -13.25 -21.21 -23.76 -72.34 -42.74 -79.69 -11.4 68.11 -61.68 96.95 -5.02 8.51 -6.65 60.03 -47.32 57.59 51.97 4.49 38.38 20.25 58.72 -93.86 -50.59 -12.38 -24.2 11.99 -36.81 -91.59 -77.18 4.4 30.26 -51.5 -90.9 13.29 21.43 -3 -30.74 9.8 -93.37 -1.94 -80.72 -40.04 -99.02 -56.7 -68.93 3.85 10.91 -55.57 -10.67 80.96 7.2 97.63 -94.49 76.19 -56.8 -45.05 -59.94 -54.74 -18.98 84.7 5.25 68.39 -7.06 -34.49 53.11 -87.58 45.49 
-82.38 -34.33 -73.17 -21.79 -83.96 -69.55 -33.47 -83.52 -11.09 78.12 -50.22 49.34 7.76 50.32 65.65 65.15 -61.37 23.64 -54.51 -28.29 -0.74 2.26 40.67 21.2 55.03 15.89 -17.47 -22.7 -15.99 14.37 26.67 61.92 24.64 -66.21 -8.53 -53.55 -31.67 -74.45 -83.93 -57.92 -23.53 40 -75.21 -41.71 -52.14 -77.66 16.53 -24.49 7.68 -81.19 -31.79 65.08 95.07 -28.21 -86.35 8.6 -0.99 -85.13 -0.6 -75.47 -65.35 -83.22 66.22 -88.56 39.42 8.41 -8.04 17.85 -76.33 24.95 -32.26 -73.07 -38.29 -30.25 -65.26 74.49 36.45 -34.18 23.64 -15.86 -6.21 99.54 -77.98 -83.17 -67 -30.66 -5.27 -49.31 -6.8 -7.2 5.78 94.6 -63.43 84.95 -43.74 -99.62 35.62 33.45 40.08 -44.03 
-60.77 94.35 -48.97 -80.21 -85.68 -70.43 -35.69 36.42 -32.31 -2.85 -24.98 -69.87 -27.75 -71.83 -91.87 -22.4 -63.2 -11.41 57.06 -79.5 -99.58 -78.23 -98.71 49.13 -30.34 27.07 -35.31 17.62 0.86 72.66 81.82 -12.17 -77.66 55.41 55.15 34.97 -99.05 -15.56 -5.91 -71.06 -31.12 -38.94 -64.57 -47.85 43.01 -85.46 6.64 33.73 -47.34 79.24 -94.14 73.63 -8.87 66.03 2.78 -3.76 -91.42 -75.63 63.79 -65.41 19.69 -45.7 -68.67 97.45 -31.28 85.82 -43.35 -2.98 -42.49 -74.46 -16.52 -44.31 0.43 -69.42 95.31 -90.23 2.89 -67.01 -51.21 -43.69 70.56 19.27 16.73 -24.1 -5.64 9.65 -15.39 -81.94 -0.52 -58.28 23.84 -11.66 -54.06 -73.56 -90.66 -67.69 51.92 -36.09 19.47 -59.27 
89.2 2.17 87.82 -50.33 83.51 -37.58 21.81 -37.85 35.07 5.32 -82.93 79.86 2.9 -12.65 97.27 -68.91 63.81 -98.82 -61.66 -84.51 -89.09 100 -80.49 -1.55 75.08 1.64 60.09 96.94 6.23 51.66 -49.77 -44.18 -57.17 -10.18 -31.09 62.65 -10.59 -13.72 -47.57 -10.68 2.62 7.17 89.83 -31.75 50.56 1.12 70.12 -2.17 -5.25 -90.97 -31.6 -8.83 44.59 -34.63 95.83 -60.56 -72.84 -43.06 -48.67 59.29 71.42 -15.95 -57.07 -74.78 -82.5 -60.9 -60.22 92.81 77.9 -12.18 12.06 -29.08 27.27 -55.34 -48.1 -23.52 -7.82 -31.78 72.95 -27.3 7.1 -89.27 -58.92 66.47 62.95 -56.98 57.52 -93.28 -63.79 -10.78 2.04 -83.31 92.7 -20.3 23.6 14.44 -1.41 65.16 -18.33 12.37 
-13.52 8.73 12.93 -47.86 -89.35 5.42 -15.94 16.61 67.21 -37.06 -69.2 62.48 -92.97 -68.69 63.23 -35.52 -93.73 -16.55 -75.68 -49.4 88.53 59.84 -62.28 85.25 48.38 -14.42 16.28 16.23 68.43 75.25 -90 -32.35 -41.86 -36.35 -73.03 -83.91 40.72 -3.12 -26.46 -63.6 -7.16 -67.44 -43.91 11.89 53.02 -39.72 -24.18 -45.27 -96.77 20.82 -24.29 76.31 -43.33 22.31 -47.94 -44.89 49.9 21.62 -78.28 -28.08 -93.73 41.14 63.71 -48.62 -48.03 -49.08 -3.5 -71.56 30.01 18.64 -96.52 -59.25 -52.92 25.03 -51.42 -7.13 45.14 -48.33 -11.88 -46.84 5 -10.08 -38.52 82.31 10.18 -33.02 17.63 18.19 14.14 -53.24 -5.95 22.42 -11.65 -73.25 -22.37 -69.66 21.84 -75.17 95.86 9.79 
-67.3 -65.22 -64.12 -46.76 -86.65 99.61 -21.6 98.27 52.74 6.97 43.53 49.74 78.82 -63.11 -64.16 -78.03 -56.82 -12.99 85.85 -97.89 -8.89 -34.74 8.75 46.53 49.5 -84.17 20.77 -9.91 -62.28 40.35 42.05 -26.05 27.57 -98.44 -43.74 -56.12 8.23 88.53 92.38 -79.48 14.49 -63.17 -46.35 -19.11 -57.94 -74.46 23.32 14.24 36.12 -98.27 -96.01 -25.4 -36.08 -62.64 -5.34 -11.4 -95.5 -98.72 -97.31 -9.8 75.06 -19.25 -60.53 -82.69 52.02 22.69 -98.67 -87.91 -46.29 -19.96 -64.62 -27.06 -34.05 99.42 36.65 -70.59 0.57 -13.71 -19.49 -67.04 -78.33 -11.4 -1.75 83.77 -6.55 -93.04 -42.67 20.29 -62.58 -76.51 -32.87 19.7 87.07 -42.35 52.25 18.85 -48.97 -71.94 86.7 -79.3 
77.24 18.39 -15.7 -59.22 56.69 -38 6.53 -20.15 -62.07 39.59 -38 62.24 -53.5 -76.41 18.28 -37.53 1.39 -81.38 -27.34 51.1 -81.39 -12.66 9.03 -96.66 87.74 38.65 -12.85 67.78 -71.74 -94.27 23.81 -65.74 -32.95 48.44 -13.61 -42.15 -11.5 67.06 -43.83 -64.5 43.21 -27.47 99.12 -75.97 -45.79 40.84 64.98 -65.35 -85.15 17.56 76.28 -71.54 -29.31 62.21 -36.14 22.96 -3.48 -52.68 38.33 -81.13 67.28 -47.12 75.3 19.08 -55.5 -28.92 -6.73 -14.8 49.5 66.2 29.65 -26.27 -6.1 17.53 -6.49 -21.72 -42.33 -71.74 18.09 25.97 -5.92 -95.03 -81.21 -89.96 -69.77 -62.74 56.65 6.75 -6.37 80.26 -12.69 -18.18 -89.76 -96.45 -89.64 32.52 81.04 87.85 -0.72 -78.23 
80.07 30.87 94.56 -26.38 17.62 62.98 -65.76 -15.56 -60.96 48.99 80.89 -19.17 32.43 -61.94 -34.11 8.42 -13.91 93.87 52.91 74.06 9.41 17.68 -24.68 76.56 79.32 -60.75 -5.95 -66.3 36.58 83.91 -58.59 -50.9 34.53 -75.36 69.71 77.7 2.76 -19.05 25.36 -49.44 49.78 -24.74 -19.8 -82.27 -98.98 -70 42.93 -25.91 -86.59 -77.47 24.73 1.23 34.98 68.15 -58.41 -39.09 -17.1 -66.37 -85.08 0.48 76.49 45.13 61.07 -13.37 -35.84 -52.05 -74.89 -14.48 43.18 -11.17 75.31 -15.74 -61.75 26.83 -50.65 -15.44 59.46 39.32 -9.68 -32.25 -88.06 16.57 -87.65 28.07 -77.76 -59.12 2.1 2.95 -73.63 -75.13 23.43 -59.89 71.55 -86.67 69.99 36.37 17.2 -23.63 9.61 -12.24 
93.49 -57.02 18.21 -68.93 -33.19 -39.75 89.9 -62.73 -82.6 -64.19 8.15 15.72 -49.29 23.15 -54.4 -48.59 73.22 -71.27 70.8 53.32 -87.97 -12.05 -44.79 -76.73 25.7 31.02 39.62 -34.12 -71.86 -60.71 67.96 -50.87 -13.91 -82.56 -35.1 -97.92 50.08 -48.06 9.9 -55.76 -54.64 17.66 -33.11 -83.82 -87.29 -63.11 39.47 31.53 -49.31 -74.77 93.71 -27.09 -16.19 73 -92.23 5.35 75.97 -75.68 56.44 70.01 -16.22 96.59 23.74 -36.23 -41.15 -47.11 -48.11 -36.69 16.6 -57.23 -31.37 -35.1 19.26 83.65 96.69 43.58 -94.48 99.95 70.8 -41.9 -49.41 79.91 31.87 -39.48 10.25 39.31 2.15 49.84 -35.16 -7.61 94.28 -90.88 40.19 -38.02 -3.59 61.56 -34.26 -19.99 -7.57 -9.01 
-63.41 -34.22 21.22 77.45 75.78 -11.41 -12.61 -55.74 -66.29 -91.75 -87.68 67.19 74.27 -57.09 61.36 25.17 -81.51 -34 -44.77 4.94 40.24 -54.33 14.35 -18.46 -4.96 -75.67 -60.37 29.42 55.51 96.13 42.42 -0.72 -39.85 -53.84 1.67 -10.54 -70.58 -12.07 99.25 -42.18 -84.26 -39.41 87.99 13.6 -71.48 -79.6 -82.06 3.14 -29 24.35 -81.88 -62.38 -89.12 39.96 20.56 85.13 -12.36 -63.01 2.93 -26.95 -6.98 -56.11 0.48 -42.76 23.71 45.94 -4.81 54.93 -72.2 48.46 -75.52 -93.6 -5.26 -35.11 -27.13 -46.1 53.3 -53.12 7.75 -20.74 33.47 -49.89 37.79 33.58 -81.4 42.35 21.18 -61.34 -90.43 -9.86 -12.98 -27.8 -51.43 21.96 69.61 99.5 -39.39 -25.39 10.49 -53.41 
-48.39 9.93 -29.59 94.76 -99.92 48.91 -79.01 18.71 -78.39 -59.53 -86.38 10.3 -20.76 43.55 -15.28 -92.09 -44.67 -79.39 -77.5 15.84 94.02 93.78 16.15 -46.96 -29.72 12.62 -76.87 -56.75 45.84 6.19 -37.18 -33.42 87.04 -87.23 86.99 -34.5 -86.55 -95.12 -45.48 2.08 -60.38 -35.36 16.43 73.91 -59.74 -47.6 -64.06 -33.2 -26.21 -29.18 -9.48 0.57 -11.86 -49.95 -6.55 15.8 -32.98 -56.49 -78.21 -56.39 -21.02 -20.86 -92 80.46 -46.66 -35.95 -43.77 99.2 13.45 -82.78 -70.15 -17.25 -81.08 66.5 -15.61 -25.03 -71.58 33.56 -63.33 45.83 -12.52 17.4 -21.39 -12.97 -8.66 -46.72 -54.45 -92.88 53.11 -46.44 -86.36 38.27 -98.77 -48.22 -8.67 10.82 -97.07 -66.81 75.19 -96.38 
-90.36 -37.52 26.88 30.59 -51.09 -50.84 -82.23 -16.04 69.58 -8.59 -5.99 -28.35 87.7 68.39 -0.18 -65.06 -55.33 62.27 5.64 20.07 3.64 -17.61 -93.53 -24.87 50.76 19.26 43.34 -56.29 21.31 83.91 -44.06 -92.54 -25.46 81.71 93.73 -10.49 35.07 -11.27 -12.81 53.93 -68.83 94.85 -72.11 0.32 -28.84 4.86 -34.76 -96.37 -69.22 0.3 -24.91 49.41 -56.16 97.91 50.76 -15.29 -20.37 -31.16 -15.92 -50.12 16.43 97.58 -74.42 -61.02 -16.05 -64.24 -59.65 22.18 -66.99 72.62 -4.69 -51.85 32.95 -22.79 -7.52 51.32 -76.95 91.51 -37.34 0.97 -70.73 -89.51 -38.2 8.67 -12.62 24.04 -15.68 90.74 -7.75 -64.68 74.12 -91.82 -32.31 39.25 -56.74 92.04 65.94 22.36 44.96 -79.37 
-68.54 -38.76 15.16 -87.52 8.6 -35.95 93.11 1.17 -21.32 -6.29 5.58 -20.91 -55.64 28.13 -58.1 13.14 -74.29 13.02 -39.95 -55.83 -20.73 90.29 8.25 -90.15 49.3 -97.74 -89.19 70.67 -82.15 -13.35 -7.78 -76.63 52.26 -56.68 -48.24 -13.98 -66.58 73.04 -69 45.17 -93.56 -94.86 -43.5 -33.66 38.88 25.28 53.34 -30.87 11.07 45.4 62.84 -66.1 55.98 -30.16 -50.56 -18.13 -48.47 -64.02 17.44 -10.78 -65.99 -17.01 35.07 59.93 50.35 18.92 52.9 35.1 -37.34 13.99 -13.77 25 -9.14 3.17 -68.69 63.01 -44.41 -6.12 -25.38 12.42 -26.56 30.08 47.95 59.06 -93.09 2.23 -32.78 52.97 -85.18 -9.59 67.36 -83.11 95 -14.45 60.57 -10.76 86.15 -66.59 -74 63.95 
37.86 -11.08 62.42 -43.59 83.58 -61.89 22.6 -37.41 23.58 -82.02 18.45 -2.53 3.64 -68.08 30.35 -71.01 -86.42 -36.82 -73.06 -46.41 40.35 -28.45 24.52 43.84 -66.34 -11.71 -48.29 16.69 -74.51 -56.49 -6.45 87.05 -2.52 -91.03 -58 29.24 80.02 -56.04 -62.03 -31.17 -75.84 18.51 38.06 -47.16 -29.77 -83.54 -59.97 90.98 43.79 9.93 -71.82 -94.71 -37.57 -13.96 -4.47 59.74 24.51 22.04 -85.01 94.01 -77.32 51.23 -34.61 -70.88 -78.38 15.78 58.69 -47.94 -46.63 55.37 -16.93 12.73 -75.03 63.82 48.53 -46.49 -69.76 5.22 66.69 -80.51 17.58 -25.15 11.04 31.34 -6.83 -3.46 -80.94 -80.14 -16.38 9.75 -8.91 19.39 54.48 -30.08 -33.6 25.14 -85.01 -50.53 42 -64.81 
82.31 -37.04 -87.44 -53.84 -26.42 59.14 -66.84 -23.83 18.47 75.7 42.72 -90.02 -3.36 -72.85 -5.5 -98.59 -22.25 -50.68 4.14 62.08 -20.63 -33.46 88.91 92.72 13.72 -58.76 8.82 92.62 -76.08 8.33 -99.68 35.34 -93.77 13.37 79.17 -79.39 -51.5 -98.18 81.8 -83.72 -24.84 6.06 -12.14 57.42 -88.07 -44.14 4.04 -13.06 -50.16 -63.97 91.81 62.13 94.1 -0.32 -31.46 -67.34 -84.28 79.88 -7.76 -85.34 64.01 72.13 20.95 -44.37 -57.63 98.55 -4.72 8.45 -64.14 -90.94 -47.58 -84.33 1.35 2.8 -18.42 -49.99 -8.62 59.17 -38.97 22.74 -34.46 31.94 -34.17 -21.67 -20.61 -19.05 96.59 -68.07 -80.42 11.79 -96.35 29.29 -52.2 -87.21 -13.02 45.6 96.38 -50.57 -11.66 -90.73 
-64.25 -37.47 37.29 17.96 -96.48 -71.61 -81.64 -69.08 -95.51 -89.6 -89.63 -26.96 -58.26 -31.71 24.98 6.93 56.15 1.93 7.89 -70.35 -65.51 -91.72 0.37 -87.59 -98.21 49.75 -94.92 -43.49 24.03 -30.06 73.15 -67.06 -10.15 -19.27 24.47 -14.56 93.61 -26.35 -36.96 81.16 90.1 19.74 3.49 48.51 -16.24 -50.63 -27.59 26.72 -30.14 63.37 -56.22 -5.64 -52.56 -92.67 44.1 -22.14 -67.55 -88.43 43.8 -13.95 -85.79 20 -48.15 -17.45 36.83 -98.02 -74.43 -45.45 -83.37 -14.66 -70.48 92.02 83.92 61.83 -12.33 33.82 91.72 -36.92 -18.36 -73.25 -47.67 41.16 -3.17 -69.67 -10.81 36.89 -60.77 -60.98 -22.85 -53.35 12.17 78.29 16.6 -39.81 14 -66.9 -87.76 12.1 58.76 -36.59 
-21.56 10.93 85.03 -62.68 -8.99 58.82 -10.94 -39.88 -18.16 -2.01 41.21 -66.02 -84.73 48.03 -72.24 98.91 -14.7 -36.12 -50.14 -42.14 -19.09 -32.12 70.45 23.71 -13.69 -37.61 -8.19 -91.85 20.99 -21.62 65.7 -31.1 -37.38 -46.17 73.51 56.53 -41.97 69.66 57.36 -22.74 -24.2 26.32 -28.32 -42.08 29.05 88.87 -68.47 -19.83 49.76 -99.42 10.46 23.61 -52.65 -64.36 -14.58 -85.45 11.57 71.51 -22.79 -13.81 9.54 15.62 -88.4 46.66 -41.77 -81.84 9.27 -83.73 28.56 45.49 21.11 -7.84 0.72 20.95 -63.66 -81.67 16.26 -66.98 -1.06 -44.06 29.68 25.91 87.5 -64.32 -95.29 -8.21 47.41 -38.21 30.73 60.73 77.16 0.59 -34 -96.9 68.22 -98.3 -84.89 -8.35 38.66 -23.54 
-56.85 29.57 32.4 47.51 -83.17 -44.58 -14.16 72.9 41.17 97.37 27.34 -0.87 -22.39 81.11 -37.5 -40.87 -94.15 -46.64 70.26 -49.54 25.92 -40.73 -41.7 50.32 58.43 -15.41 75.47 13.13 -11.46 -64.95 -21.64 51.91 -43.69 -42.65 94.51 -56.96 -10.16 -13.07 58.15 34.19 37.3 7.92 54.59 -15.63 23.9 -25.92 -95.64 -13.81 62.24 1.85 -81 -88.01 74.05 52.32 -42.35 -27.77 -86.53 -48.66 -20.17 -4.21 -5.43 -51.92 4.79 -32.34 19.46 1.09 -65.77 -75.1 18.53 -71.34 -21.34 80.35 -92.56 -17.16 80.44 32.7 14.99 13.37 -3 -25.28 37.61 27.95 -34.76 -92.74 -31.87 25.7 -83.4 30.43 -89.92 3.79 23.66 76.92 -28.27 -79.55 -18.29 14.33 -19 8.18 -15.07 30.32 
7.15 -60.89 -84.57 -27.9 -20.98 15.47 -27.21 -33.11 19.8 -91.81 -60.66 -34.89 -62.67 -74.87 -78.94 -67.15 -93.35 -34.06 -53.1 82.25 68.83 -37.85 -44.22 -52.83 2.3 -91.45 -12.08 -17.88 -69.07 7.55 75.82 -74.07 -51.6 15.78 68.56 -47.25 38.07 -47.06 -93.86 0.83 -32 -48.57 62.4 63.34 -36.27 -31.61 -67.22 70.09 -34.14 -1.48 -80.01 -60.05 51.87 -61.16 48.63 71.28 -81.32 41.74 -10.42 -90.22 56.22 -24.42 87.27 -75.24 57.43 -98.51 -19.17 58.82 -49.44 -82.42 -76.85 -77.59 -22.28 36.59 -32.52 2.63 -39.28 -92.15 -57.43 63.72 -44.88 -5.75 -77.66 26.01 -54.01 10.74 98.12 15.7 -41.26 -22.31 -32.12 -64.33 -14.59 53.16 -49.09 -13.75 -62.19 50.38 10.08 -45.93 
24.11 -3.83 -99.34 -51 61.89 -14.47 87.99 -18.22 69.19 2.82 -0.88 -39.78 72.25 7.6 -72.19 -99.17 -48.05 74.54 -48.64 -62.02 -51.22 -97.58 -63.96 -63.98 -83.64 0.98 -22.79 -83.75 -73.73 -10.42 18.5 -87.46 7.92 -87.66 -88.59 88.98 -50.49 3.74 -0.03 9.81 71.61 4.74 -52.99 -19.86 -62.49 -33.97 -2.41 -64.96 22.75 63.79 -37.97 25.06 -7.12 -14.4 -94.68 52.66 -56.13 88.92 0.15 22.35 -90.38 -25.46 -6.03 1.48 -51.87 -7.47 7 -2.82 -24.93 42.07 -33.11 -77 47.42 12.55 -45.67 -9.56 87.29 -19.34 -64.42 -18.16 25.35 -68.17 24.32 54.96 -71.76 69.89 -80.99 54.64 59.69 -65.69 49.61 -69.13 -36.87 -27.95 -98.93 -84.64 -12.13 89.34 -92.82 -42.19 
78.5 90.32 -60.47 6.19 45.34 -37.99 23.38 -23.19 8.07 18.6 -22.27 -95.32 68.34 -3.48 -5.73 35.09 -2.49 -18.43 35.43 -23.42 -30.51 46.68 -10.36 -85.44 39.86 21.87 -25.23 -41.06 56.52 58.18 -34.02 -81.5 5.15 11.28 83.75 43.8 83.38 -46.62 24.65 26.7 -80.55 -80.08 -25 -95.08 12.58 -59.82 68.47 91.63 -23.56 75.3 0.24 8.04 -51.73 -27.65 7.84 3.21 -46.38 19.75 -62.63 -97.5 -36.59 -8.7 -11.44 -88.38 -38.82 -3.89 -74.96 -41.85 -51.2 -93.27 7.49 1.61 -98.16 -91.61 -78.96 -5.86 -39.46 -79.7 77.71 -2.87 -26.09 -93.65 -81.15 -68.23 23.27 -50.2 -40.01 34.71 -76.3 -65.57 -1.44 -1.06 -95.84 0.77 -79.37 -94.72 -41.8 91.92 3.99 9.47 
-1.81 -93.36 72.48 9.45 -86.59 -63.91 -30.77 11.17 -71.34 -51.8 48.62 25.92 -95.75 86.04 22.32 -42.19 8.02 -90.32 -8.57 -68.34 -97.5 -98.67 55.38 -16.31 99.01 -92.19 -2.55 96.99 -59.1 1.8 3.86 -59.45 -42.64 -14.86 43.68 -50.78 -99.25 28.07 -39.71 -84.24 13.3 38.01 -13.28 -28.96 14.9 -46.08 63.1 34.07 -59.33 -69.87 -67.34 -64.56 -79.82 -54.16 19.89 -69.88 9.78 8.81 -5.21 -69.35 -68.19 -98.14 -87.74 -23.2 -78.54 28.13 -75.95 4.64 32.96 -79.28 -50.02 -49.8 97.11 -86.99 93.4 -72.73 86.4 -94.38 -80.68 46.38 -26.66 -56.91 -96.26 -66.19 67.72 -67.66 -36.11 -78.17 -4.71 -90.7 -5.04 96.61 14.18 -48.14 -12.79 -63.21 10.23 -75.72 -87.58 22.84 
-4.8 78.75 9.09 -15.93 -40.32 -11.32 76.54 -19.52 -22.91 65.05 -43.5 -36.86 10.39 11.02 20.59 -11.4 -30.83 -74.15 -98.17 52.65 -16.4 -37.7 -51.54 59.25 4.41 -32.47 -25.97 -61.25 -70.34 -73.19 41.8 -47.29 22.76 39.86 -87.23 7.8 -50.08 -99.75 -32.4 -26.39 -66.25 -43.25 44.5 35.33 70.15 -77.5 67.31 8.05 -73.61 -7.92 -64.44 98.99 16.74 -42.34 -32.33 -70.62 -75.67 -90.06 -94.55 21.74 -61.92 -1.95 13.38 61.86 11.73 -74.6 89.54 -33.25 -14.02 -24.83 -78.46 12.98 -46.72 -38.68 51.22 -20.52 -59.78 -75.69 -10.11 74.49 -97.99 52.71 -73.39 -24.85 16.68 -22.6 33.17 -80.46 1.24 51.5 -26.11 52.12 80.08 -24.49 -20.4 -80.38 63.63 -87.29 16.94 88.88 
10.63 -77.64 72.21 -93.31 93.36 -12.37 4.27 -5.26 32.85 -10.64 -69.84 -83.37 64.12 13.07 6.87 78.05 -36 -76.68 -23.3 -94.32 -4.46 -7.12 42.14 34.11 -47.52 -66.49 71.72 69.45 -59.24 -75.52 -29.44 67.68 25.28 -18.79 4.62 36.88 -55.23 -71.79 90.93 90.44 74.2 93.38 8.84 -90.39 -86.1 -76.16 -59.73 -57.55 -8.43 61.77 8.9 48.51 0.74 7.81 4.99 -17.81 66.14 -33.8 72.21 45.83 -44.45 -77.65 -69.65 79.23 -88.75 -27.37 99.69 32.12 -23.9 20.93 -31.13 -41.47 87.37 -78.76 14.83 57.97 -41.99 -53.01 -21.87 -86.59 -53.79 23.52 63.95 -27.92 -84.2 8.98 99.97 -78.9 -43.55 76.89 87.08 12.66 -63.48 -59.03 1.94 -90.15 -8.49 -62.67 44.82 -32.64 
44.37 14.98 -72.21 -43.49 64.78 -22.3 43.57 29.64 -91.47 -82.49 42.08 -53.8 27.01 3.9 -72.82 74.61 -27.18 -73.28 -75.73 13.44 72.82 -55.98 73.52 -75.08 -65.33 70.98 -59.98 -43.89 30.63 8.18 50.99 19.31 -43.3 60.21 0.07 -75.55 -31.9 -68.06 -30.66 -78.04 -6.32 -18.32 85.81 -49.01 19.34 73.35 -92.48 55.96 -63.03 2.73 90.16 -78.58 89.21 -44.77 39.95 -32.98 -10.59 3.66 97.29 24.81 90.12 82.56 -19.64 28.1 -91.32 34.76 -22.2 -14.98 55.98 -54.67 -65.33 -48.97 8.77 -41.2 78.06 -96.46 -66.8 11.47 -51.97 -65.19 -21.1 6.98 24.88 83.49 -78.78 -26.72 45.95 -85.62 17.97 13.97 -13.86 5.31 0.77 -50.03 18.6 -81.46 46.02 72.8 68.11 -1.23 
-99.04 -0.94 -11.43 -92.99 -79.44 -3.52 2.57 -10.16 20.19 -37.63 4.67 31.54 2.37 -89.89 -12.26 -90.03 53.76 -85.23 2.32 99.57 -74 -22.48 -65.98 -19.77 35.01 -35.56 2.62 78.94 -97.15 -90.87 93.14 -91.18 27.95 -88.89 -24.06 -45.86 -81.71 98.31 2.79 -49.21 -98.79 -54.7 -4.73 -14.74 -11.09 66.46 36.08 76.79 68.65 26.79 15.73 -9.18 -30.72 25.89 -44.28 -68.24 17.53 27.46 75.83 -0.76 91.12 -10.1 34.74 51.55 -51.96 -8.33 -24.13 -24.62 51.95 -76.12 37.21 -79.48 21.75 16.34 33.51 81.53 -19.16 -96.71 -68.41 70.11 -10.67 -62.1 27.03 13.49 -63.31 19 -46.58 -92.35 31.64 -50.32 49.83 -56.45 -44.15 -21.1 17.45 62.91 -75.32 -84.62 7.98 83.12 
-95.37 -66.55 7 -11.91 13.6 -59.28 84.26 -92.4 81.27 -96.09 -93.66 -13.69 -63.8 -31.14 -27.07 -88.34 5.57 17.44 44.3 21.24 40.6 89.26 -84.89 -33 -97.14 51.23 -2.14 44.4 7.57 32.07 -1.56 -19.21 -62.75 -84.42 -82.3 52.77 -11.52 14.17 -36.4 24.83 -56.62 -64.75 24.43 4.38 -1.05 -12.14 -86.3 75.84 -96.63 -62.25 -94.75 -42.25 -78.4 -86.52 41.03 81.8 88.12 -89.67 75.25 -92.23 -1.32 73.01 -3.08 -54.06 -0.85 -29.84 45.25 24.09 -83.25 -86.11 11.16 -14.37 -46.45 -62.76 -35.04 -86.49 -91.15 99.97 16.14 -1.78 90.67 7.84 83.55 -76.66 -78.86 -35.17 -7.22 -36.43 -71.68 -84.38 -36.09 47.38 -58.38 -10.66 -40.36 30.16 17.44 14.74 -47.12 -50.52 
-78.98 9.27 73.07 -28.18 86.52 -94.2 22.11 96.16 21.82 -25.31 -84.81 -37.87 -38.88 -54.44 30.8 6.72 -17.35 22.56 -13.22 -82.65 -99.04 -28.13 10.2 -4.57 -78.4 -48.01 -16.64 59.12 -2.96 -49.48 -36.41 31.28 -34.45 17.16 -8.68 -43.69 -60.48 92.85 -94.95 -93.32 7.71 29.08 7.74 7.93 -30.79 -92.2 68.99 -20.82 91.19 -97.22 18.29 94.57 -93.99 22.79 30.8 94.42 -79.22 41.09 -73.33 -22.77 -13.38 -9.97 15.38 -62.61 -16.14 35.9 -68.53 13.74 25.9 23.27 -44.98 -52 -39.02 -83.05 31.15 -32.93 -8.16 52.08 79.82 -50.09 -71.27 96.78 6.12 -34.61 87.19 85.13 2.13 -30.62 -54.06 11.86 -11.25 30.64 -70.35 35.8 -11.06 -54.04 78.74 -33.34 20.93 -7.2 
9.1 -66.71 -16.41 -5.05 90.06 -15.66 -98.35 -82.6 -50.31 -8.12 -40.02 -89.3 74.24 -67.41 -79.72 -25.93 10.67 -96.08 60.28 55.61 62.47 1.08 2.91 -15.76 -41.95 -43.03 69.35 -37.61 49.95 92.13 72.28 -11.39 13.37 -67.86 -37.96 -56.73 27.97 -58.28 -85.63 38.53 -14.09 13.74 -34.09 -81.14 20.6 -97.17 -18.05 -5.74 -24.25 -64.45 11.71 -73.71 15.69 -51.7 -1.63 -95.35 -63.15 -31.94 -87.99 12.96 -61.14 42.42 -12.36 15.05 -31.62 -15 21.35 -28.72 -22.98 -25.26 87.95 -43.56 -95.58 -84.54 24.38 -13.34 29.99 -24.8 -8.79 35.35 -2.17 54.05 22.58 -35.14 -62.77 -25.41 -16.8 -22.74 -63.48 -60.44 -12.59 -48.79 11.44 12.2 9.71 -12.32 -63.07 -86.93 -37.14 12.19 
53.48 -77.13 -35.46 71.21 42.26 23.2 94.19 -63.42 -83.15 -28.73 16.32 -8.53 -12.89 -27.58 -53.57 37.33 -16.66 20.83 -38.66 -38.51 -94.68 -74.41 -57.3 96.26 -7.7 88.26 15.32 68.54 -85.06 65.86 -52.38 -62.88 -74.13 -99.26 -62.47 -98.36 -58.1 8.42 -50.81 -70.99 81.95 -12.26 -95.61 20.17 42.21 -50.98 -20.53 19.94 7.18 47.72 -84.42 -9.13 -20.03 -19.03 78.41 -77.91 13.65 -78.13 77.22 -6.34 -23.9 -6.46 -48.3 10.45 -23.29 -12.53 -93.2 -59.37 6.61 53.92 50.59 -65.41 -49.4 -41.87 -63.24 -19.29 -5.11 81.18 22.3 -73.17 -79.44 52.79 -64.74 -82.35 -25.06 33.47 71.74 40.66 -6.04 56.49 -80.7 -54.44 -72.79 -25.4 -16.8 -59.22 -42.25 26.66 -31.87 -17.2 
62.1 -1.53 2.28 78.87 -10.21 -36.52 7.62 -21.21 82.36 11.54 -26.47 -72.93 -29.45 -74.28 -77.41 -48.85 37.84 49.88 -57.37 1.76 -51.31 -72.29 -83.3 80.78 -36.46 -1.13 48.27 12.96 -26.95 -45.93 68.48 -58.5 -22.15 26.2 -87.46 -47.07 35.76 -78.38 -82.32 21.82 -52.76 -88.91 91.49 -17.04 7.51 -23.97 69.28 -91.22 -22.95 69.96 -73.98 -17.53 -9.78 -9.04 95.76 74.6 30.45 -70.86 -14.95 11.39 -14.73 -2.37 6 -23.48 45.83 -39.83 15.33 -41.86 -50.63 -85.11 -81.14 -91.7 -34.69 -10.19 -5.82 11.7 89.41 -49.96 -92.43 20.34 -48.94 -10.54 -55.77 80.78 17.23 83.15 -66.04 -95.94 6.42 -43.45 -80.91 -13.94 -18.31 5.07 -97.61 21.69 -53.6 -31.18 -78.68 -21.57 
-22.23 45.45 41.96 66.14 -82.23 2.96 -30.02 13.06 60.51 13.92 -51.37 -20.96 -20.82 -95.2 -48.39 21.87 8.31 -83.67 32.37 -7.38 -96.94 -71.79 -81.38 -58.12 -25.8 5.64 -14.13 -87.41 -34.59 4.23 -88.47 -92.04 -79.62 -92.41 -14.07 -85.7 -25.71 -93.5 11.65 -75.27 -10.33 98.29 10.08 -75.5 -58.57 96.06 -99.47 -58.8 56.06 94.75 -29.11 10.1 -7.25 19.57 11.56 -50.68 33.33 31.37 -47.13 75.9 -5.85 19.11 -45.64 -21.2 18.24 -67.53 -43.7 -26.48 54.63 23.05 -90.05 -50.03 59.72 25.95 -77.54 -46.58 -59.65 43.94 -96.94 -87.86 22.29 -68.23 -19.36 0.43 -29.69 62.05 -31.46 -38.59 -90.49 23.48 -66.01 39.98 57.01 -50.14 50.24 -94.41 -46.01 26.38 9.78 10.9 
11.67 92.84 -39.96 -80.75 5.75 -15.79 -66.53 -46.45 -77.79 85.17 -96.67 -54.05 65.82 -39.4 -39.07 53.93 -80.98 87.74 -7.79 -58.56 -60.5 -56.99 55.73 -20.35 -16.17 -66.49 -2.39 13.22 34.91 -50.59 71.27 39.97 -40.91 -87.87 -72.59 -71.33 -50.86 -19.83 -23.97 -68.59 -71.9 -42.89 -28.88 8.79 -12.96 -65.74 -27.08 -37.34 -17.05 -15.29 -99.74 62.93 12.32 -12.18 -31.92 43.78 65.26 -36.89 99.3 -90.86 9.88 -63.15 27.55 -24 -39.33 -11.5 -62.74 -98.48 35.89 -14.58 -55.07 -21.76 42.85 -19.2 25.28 4.74 10.98 -29.72 -54.01 -90.23 56.26 41.71 -19.25 -90.37 -69.08 -96.77 27.62 27.65 69.69 -95.33 -71.51 -78.28 69.4 -83.87 -94.09 -19.33 -3.7 -80.51 -70.16 9.69 
-18.73 -63.93 -69.2 -6.65 -26.23 77.92 -89.68 -7.22 -51.05 22.98 -11.61 -19.87 -33.77 -68.89 26.09 3.22 67.57 -0.89 -13.27 45.28 26.31 -64.47 18.07 -48.78 -43.77 -20.85 -32.13 6.73 -4 -2.99 5.07 69.29 69.84 -84.31 3.17 -39.2 16.62 98.47 -24.82 -47.2 -35.47 66.54 -68.14 32.68 0.95 53.65 -28.62 20.27 19.11 -50.24 -23.29 -32.24 -85.56 -93.96 -11.72 -36.52 -0.54 -73 -56.88 -36.03 -49.46 -69.42 77.92 -54.99 27.76 44.68 99.73 -16.62 -55.09 -51.55 39.09 -35.74 -64.75 94.92 -12.96 45.13 -73.75 10.66 -88.55 -24.74 -31.29 -5.99 -19.99 -70.4 -42.84 -22.15 74.4 -10.07 80.41 91.23 -4.44 80.99 -71.47 -58.93 6.03 -71.21 5.83 7.94 -7.62 -45.03 
-7.04 -65.49 -46.65 -27.8 90.94 -61.06 88.11 -30.79 -31.22 -68.15 83.83 20.57 -20.54 -81.86 -25.03 -32.97 0 -14.4 -73.26 -38.47 -5.64 57.23 -42.73 -94.95 59.3 -5.33 -48.54 50.48 -58.9 -89.82 -23.44 54.17 0.52 74.64 -88.04 4.23 -80 -78.44 20.4 -69.21 -39.41 -69.42 13.35 -64.18 -99.29 72.98 -81.19 18.03 -50.73 -35.4 -44.69 2.54 -94.1 -42.13 -33.11 -59.46 5.32 96.55 1.91 -49.87 -21.72 -51.72 -1.08 -77.01 85.15 -67.9 -3.72 -46.49 -9.17 57.92 92.84 -97.92 11.57 -79.16 -15.4 93.91 6.48 46.12 75.25 -43.69 -10.91 -10.86 -14.84 -7.93 4.21 18.19 31.26 27.59 -20.82 -2.8 94.15 5.75 -7.03 83.6 1.94 -22.46 -47.19 -73.78 -24.98 -59.53 
-14.25 55.27 -79.19 29.43 -52.33 -55.05 24.87 -49.78 12.35 -27.32 48.56 68.01 19.65 6.5 -71.33 2.49 -7.59 -99.98 -8.64 -36.66 -90.43 -41.55 -37.05 22.56 13.1 41.98 -93.01 -64.38 -85.05 -12.41 -23.4 -48.88 28.69 -14.62 -84.38 -22.14 17.34 28.91 -78.9 42.82 75.55 24.58 -50.48 -25.03 35.96 -35.37 -86.71 5.76 70.59 12.74 11.78 -8.59 2.99 -12.54 30.48 71.35 -91.82 -30.89 -58.03 -38.53 16.12 -63.2 -72.52 54 -4.11 -60.16 -60.23 -85.83 -14.91 71.68 2.98 -24.75 -94.43 65.91 -59.86 -71.52 76.77 -4.89 -46.19 39.4 -64.23 2.49 -74.74 -53.54 71.35 -69.67 78.58 -39.18 44.7 -97.2 2.97 10.42 -76.68 88.8 -69.2 55.6 5.16 -80.6 -37.74 -20.76 
37.92 28.21 32.2 -21.65 -74.13 -19.43 -94.07 26.22 -69.02 85.53 -47.59 78.82 -1.06 79.94 54.08 92.57 59.7 -21.46 -95.89 -73.08 -41.6 -82.28 -35.06 -5.19 2.66 -23.86 15.4 44.95 88.31 -72.38 92.64 -22.66 78.93 -90.53 40.82 3.85 -70.82 16.98 -88.7 12.25 -79.39 96.47 26.27 54.35 23.35 3.22 -66.62 -59.82 46.18 -20.46 -8.64 -73.5 26.66 -91.66 26.37 -54.21 59.71 -12.59 59.18 -78.67 29.38 21.9 74.65 -2.53 -38.68 -72.93 20.6 -24.61 -67.18 -12 16.49 -50.6 -99.25 -55.53 52.29 34.25 30.87 94.99 -67.48 -81.47 -85.59 -35.59 -32.77 15.98 -3.87 -66.36 36.95 13.2 -56.21 22.49 65.7 -78.05 54.06 -65.23 -24.43 -80.28 -73.24 -51.4 -77.01 65.17 
-4.23 -73.65 -67.05 -14.76 -68.01 -70.22 -22.28 96.97 -76.69 -85.33 -55.63 13.91 8.79 -35.07 -36.96 -10.31 -34.28 0.05 -47.11 -23.68 -90.3 -1.07 70.56 -33.43 -42.69 -36.71 -13.78 70.59 -32.97 -30.02 -30.16 -55.03 90.94 -98.42 6.34 75.41 -64.33 97.93 54.2 3.58 44.12 96.91 57.68 20.68 -48.55 13.5 -91.86 -92.47 93.01 -32.13 -1.38 -66.86 -37.65 -54.4 -75.6 -14.82 -24.29 -31.04 -51.41 78.3 -65.31 -84.54 14.98 79.82 -56.52 3.04 -77.17 -67.41 -89.1 5.78 3.69 -19.31 -21.66 57.8 -4.64 -54.41 -29.96 -1.46 91.57 -88.03 87.8 27.86 -22.59 -44.25 22.76 19.7 -34.76 -81.98 98.12 -94.53 11.23 17.49 15.41 -34.74 -17.37 -38.03 47.9 12.22 2.8 -84.08 
-82.39 83.2 -92.11 82.17 80.31 -39.08 -51.42 -68.83 8.28 -7.9 -37.97 -99.61 -98.46 -47.74 -56.27 -37.38 -37.95 -20.92 18.44 43.27 99.65 -53.66 -9.12 81.54 72.65 -99.73 -98.63 76.93 12.6 75.15 -92.83 30.92 -34.18 -56.33 -8.8 -44.89 -71.05 62.04 14.99 4.65 -95.34 -60.77 -16.68 35.76 54.97 60.85 3.27 46.31 -87.85 37.57 52.05 -6.05 -19.93 -25.79 10.79 93.22 -41.72 -42.62 70.18 -62.57 70.6 -97.7 -68.96 -70.51 -18.33 -70.94 -17.66 1.54 17.19 53.73 88.12 1.36 13.84 -31.37 -38.11 91.26 -34.27 -89.83 -14.76 -54.21 -61.93 65 -6.15 68.7 -19.24 19.25 62.43 -5.93 74.36 29.46 -52.34 49.47 96.56 -48.34 20.72 -90.02 -30.93 -90.49 80.43 33.69 
62.51 48.38 -31.96 -30.99 95.87 -45.65 63.91 -77.35 -34.53 -51.03 -29.98 46.42 54.98 -68.14 -68.71 -78.95 -87.66 -51.59 -28.53 -28 11.33 10.01 -64.82 -53.76 -65.61 -81.96 -81.63 -99.87 9.73 -44.16 -28.05 -70.62 24.03 -77.14 -76.98 91.09 -11.39 -62.94 -57.12 -4.06 -61.93 -26.55 -55.43 35.32 -5.88 36.96 -50.13 -2.22 -62.24 -96.16 87.1 -10.96 -90.24 -6.76 -61.55 -45.79 52.66 60.74 17.37 -53.58 -98.54 -5.15 -41.6 -6.32 -97.5 -26.09 -16.83 -19.55 -81.65 -24.89 -60.28 -84.95 9.05 -38.68 36.36 -81.68 -90.81 -37.24 -32.89 -82.42 -49.11 9.16 -45.62 -91.11 98.71 -87.71 -11.13 27.1 -93.84 -13.48 17.62 14.06 -7.81 -63.01 -26.66 -75.12 -76.73 -64.96 -8.51 24.04 
61.55 -89.5 65.69 94.13 17.87 37.78 7.03 3.02 -2.3 -35.28 60.23 75.35 53.23 7.8 -47.44 -13.59 -15.04 -81.98 -33.12 56.48 -97.99 11.34 -40.46 -29.99 -37.03 38.06 92.99 48.53 8.63 -40.39 25.17 72.22 -16.98 -86.46 36.38 -97.79 28.62 20.17 -58.21 -84.26 79.58 -45.73 -23.18 37.92 -67.47 -64.64 1.43 50.46 36.1 0.23 6.27 -0.45 88.93 -73.71 -26.9 -72.37 27.97 65.16 8.6 -44.27 -60.51 -34.54 -42.74 -67.61 -2.22 -61.79 -89.89 -26.03 2.31 90.34 -78.29 -70.77 -92.15 26.53 -48.18 -34.64 -26.47 -80.4 -17.35 31.66 -2.49 21.71 89.89 -86.95 -42.76 -96.05 1.13 -97.97 -65.56 -13.97 43.51 47.85 -23.27 -37.41 95.01 58.41 -63.1 -43.85 -39.74 26.57 
-58.41 -5.39 -10.29 -54.39 24.05 -50.43 52.23 -27.35 -69.77 52.77 -81.6 -20.61 75.34 45.95 -1.41 -97.7 94.24 -80.27 92.98 27.06 -37.22 -30.89 -8.64 8.79 95.15 53.16 86.21 22.82 53.94 -94.35 19.85 -12.52 90.71 26.82 1.57 -14.23 -80.24 19.82 15.38 -87.36 -74.1 -80.75 -62.61 -82.91 -46.48 -24.62 0.61 44.55 -15.87 2.87 -50.79 82.95 -56.51 21.81 5.51 5.07 -33.5 -96.2 85.16 44.62 -9.12 -57.35 -63.03 -5.64 -81.47 62.26 -80.37 -10.68 19.74 -82.67 -61.68 48.49 -91.55 -76.72 -52.8 42.27 -95.57 -69.88 -3.79 10.25 25.12 -14.58 -78.43 24.02 95.54 41.51 -73.31 -3.59 -40.52 73.34 -30.29 -27.82 -4.84 62.09 -80.61 -77.18 -64.44 -20.94 12.73 -2.37 
9.47 50.51 -66.88 53.52 12.07 -21.76 -4.05 71.18 -49.43 -3.07 28.34 -47.56 -32.36 80.92 13.02 -21.31 43.3 92.28 -61.67 97.47 29.11 12.71 -3.42 -27.38 -80.34 4.23 -27.08 -68.99 21.54 36.87 17.92 -46.21 -20.09 -99.28 -0.77 11.33 67.87 17.33 93.61 21.8 -24.79 -47.44 -45.01 -37.92 -51.56 -21.93 94.71 -78.27 -55.71 -16.53 -71.78 -94.56 10.28 65.04 -54.01 -12.87 78.07 20.65 -47.61 -12.67 -46.81 -29.57 -4.21 64.31 99.81 -11.65 23.45 -39.55 -68.42 -6.42 -81.67 -96.79 67.09 12.76 -78.48 -42.65 -71.12 74.73 -0.36 2.05 33.83 -91.86 -90.17 10.81 -3.43 -62.07 -78.26 -52.01 -65.86 -91.76 -33.98 70.43 76.52 23.71 -31.22 -34.92 -73.66 -76.25 -92.39 60.26 
-27.09 24.49 -72.82 9.22 -24.31 66.27 -94.68 -22.65 -88.08 -83.76 -98.63 14.9 -64.37 -12.36 73.37 31.26 -38.54 -96.53 6.45 72.21 67.79 -24.74 -28.97 -30.82 -20.9 -67.22 -27.8 -61.56 94.49 11.61 -86.74 -30.24 -69.17 -63.26 -99.27 -30.65 0.66 -14.55 9.47 16.07 -74.86 84.79 -64.7 74.31 23.57 -56.03 79.38 -77.62 -7.6 -91.08 -66.05 -87.49 9.02 58.24 50.36 -44.96 17.86 -91.12 3.23 -86.89 -27.69 -25.73 -27.71 -58.85 96.59 87.51 -73.94 42.56 -42.3 -28.97 -13.93 22.43 -89.92 -17.66 -94.96 -76.3 59.94 82.8 -51.92 -22.31 -53.88 -44.66 89.29 -21.26 20.96 -5.62 -8.7 92.71 -25.72 17.11 -72.76 -8.12 -11.31 -82.29 48.62 53.93 20.04 87.75 86.14 6.55 
85.03 96.73 -14.71 66.24 -94.79 47.72 -62.26 -47.09 84.84 -17.21 42.46 -26.73 -23.71 46.64 53.35 -28.22 99.85 -50.78 -76.15 -53.57 71.5 -2.33 -83.86 -76.05 -5.07 3.93 -78.79 -19.24 3.35 95.96 -12.53 -59.28 9.26 -52.47 -83.05 44.54 -81.71 67.24 -5.27 -1.81 71.46 -66.08 -42.53 -32.22 5.86 95.85 -86.45 94.26 -24.97 -55.72 -6.97 1.4 -25.77 -44.72 10.04 -95.06 86.13 -59.76 56.41 21.6 -9.73 35.09 -56.93 -84.39 -37.54 -18.51 -94.06 -7.7 -73.64 64.02 -94.47 14.49 -73.88 -28.5 -41.55 -42.23 71.75 -91.81 -46.79 67.54 -91.01 -15.27 48.25 -85.32 -28.17 31.49 83.22 -95.48 -20.2 -54.74 -64.45 69.63 21.51 -79.74 -10.48 -41.24 -90.16 -32.09 -35.5 -45.29 
3.42 -46.66 6.24 58.55 -39.41 -30.19 15.12 5.38 -36.89 36.37 -37.85 -85.26 -85.69 93.41 -63.1 -80.4 -4.74 -84.69 5.86 -5.89 -18.04 93.63 55.04 -27.07 -75.94 -13.59 14.55 88.85 94.39 21.48 -7.78 -12.78 9.73 70.32 28.76 -38.85 19.74 20.82 95.21 -55.35 -89.22 -57.78 -73.96 -22.27 -80.31 -67.88 -6.21 21.39 -55.23 -12.06 -28.35 36.21 4.03 5.27 -56.73 -10.17 -67.46 49.99 -98.22 -29.1 19.82 -87.18 -23.91 -44.51 13.18 -13.12 83.9 -0.5 -46.11 55.44 -1.52 -14.15 -85.19 -20.23 9.44 -99.93 -68.41 35.7 58.07 -36.84 17.55 12.05 8.49 -4.95 -92.43 11.46 -0.95 -11.1 67.83 -69.77 -30.94 99.39 -76.97 -76.07 -26.58 7.79 12.6 -32.9 5.98 97.19 
-53.5 77.61 12.08 -16.5 -55.42 50.51 -99.56 -28.22 34.3 -77.4 -33.1 81.3 52.41 -46.86 12.47 -46.4 -74.43 44.11 -19.15 -95.74 -79.91 -44.44 2.39 -40.16 -81.33 9.76 18.26 -97.41 14.43 -32.77 8.2 24.22 41.78 -52.76 93.49 40.7 -61.28 -34.91 -61.68 -70.75 -99.49 -15.72 -82.81 11.73 -14.91 13.52 58.54 96.59 58.15 -36.52 6.86 97.32 -23.55 -53.46 21.97 11.88 -17.82 -1.74 -57.34 -8.36 -43.93 -36.67 27.27 52.36 34.06 -75.07 -95.42 87.78 -67.17 81.67 -86.44 -44.71 -63.95 -76.49 -79.17 -16.35 -7.03 -40 -54.8 55.11 21.53 13.47 -6.72 -5 -34.37 71.23 -11.44 16.83 -33.24 84.04 -61.62 -73.77 -17.46 -31.7 51.12 -27.91 -21.53 -17.45 -94.76 -7.04 
76.44 -4.8 67.85 6.78 -30.81 -11.58 21.78 53.48 -49.64 -20.77 -22.54 -93.3 -62.63 -16.7 33.02 -20.83 -31.36 6.84 -30.56 54.79 -85.93 7.02 12.23 -49.1 25.12 14.83 -81.13 75.64 63.24 -35 -67.93 -92.93 -56.29 -7.18 94.05 -57.66 71.98 -61.6 -65.67 70.88 -99.13 22.31 0.88 30.63 5.17 -26.48 17.03 24.92 -74.88 -77.27 10.75 -20.1 -56.44 35.47 3.01 -62.56 -87.96 44.81 -6.83 -26.03 -45.63 -82.19 -52.66 -81.18 5.73 53.82 8.57 11.68 -61.09 -66.44 60.16 40.42 57.38 -67.47 22.87 -2.77 12.79 85.34 -4.07 -65.41 -73.03 8.11 -45.52 -34.92 -92.21 -51.05 19.92 23.2 -86.82 2.9 -56.82 -75.54 -93.66 -74.47 90.07 54.84 -7.77 -22.73 6.68 38.55 
-19.38 -10.04 -39.36 -95.44 2.03 -82.35 -80.97 6.25 25.94 75.95 -19.93 -23.9 -92.29 -55.68 -33.81 -59.71 -62.9 72.38 -68.16 -44.23 50.66 15.31 -93.69 -58.44 -76.28 -54.33 -30.43 -31.02 40.53 71.46 7.2 -51.54 -97.5 -3.35 12.17 88.37 13.94 5.28 71.54 -79.17 43.41 -96.82 -77.53 99.92 -29.84 -78.14 45.62 -28.76 77.95 -85.7 22.7 92.99 -67.12 28.03 -73.55 -24.55 71.87 -63.59 10.25 -91.66 74.24 -7.87 -19.89 -86.68 -18.62 26.37 78.52 -45.21 -41.49 59.82 -69.3 16.54 -2.89 -91.44 63.56 -60.9 -85.95 -65.93 60.68 8.37 -0.79 39.26 -8.58 -52.41 65.24 6.87 -28.95 5.73 -50.75 39.58 -59.15 -52.72 -86.08 -40.49 -53.39 23.8 -83.44 7.81 -33.86 -50.66 
-91.26 93.17 -18.92 49.33 96.76 34.25 -68.94 -80.05 -91.58 28.09 58.17 -62.12 -41.74 84.79 -31 25.57 50.01 -45.5 -68.92 -69.27 32.12 -74.66 -39.51 -46.64 -50.58 86.02 -20.88 -55.4 -59.55 70.34 -86.46 -72.19 -3.76 -45.95 -96.93 -12.43 -59.53 -49.27 -4.53 -31.67 36.27 -73.77 -63.9 3.04 17.9 -55.58 29.13 -12.21 -68.85 93.39 -68.29 5.85 -14.81 -80.16 83.31 -50.93 -60.15 -79.15 1.22 -85.46 18.58 71.64 -98.1 11.52 49.59 -16.65 -99.38 -64.63 4.19 56.81 -96.08 -69 -67.17 -84.72 -84.01 38.17 46.35 95.33 60.48 -22.27 -22.82 82.82 -89.02 94.57 23.26 22.22 -44.54 94.83 13.63 88.39 -67.64 74.16 -22.77 -74.62 -0.2 -50.96 -78.05 14.12 11.85 81.59 
-30.71 -65.05 -43.06 -45.67 -52.67 -25.79 -1.75 -92.99 44.99 -39.98 -88.52 -67.93 -84.73 1.91 96.45 -54.89 21.94 87.6 38.18 -94.1 -3.92 -5.5 -1.45 27.38 -7.17 -54.09 35.47 -45.46 -19.52 43.88 -56.9 -49.2 -94.42 40.62 -40.57 -94.44 -74.07 -8.88 -20.89 64.4 -51.71 -0.01 -82.09 -57.57 7.85 21.94 -71.46 96.76 62.27 -45.24 -64.65 18.51 -45.8 -79.8 76.97 7.57 -97.43 -41.13 -92.47 -75.26 -38.44 17.65 51.9 24.67 -39.33 12.9 3.63 -48.48 84.07 56.94 89.03 66.86 -31.5 94.38 85.89 -89.36 -79.36 78.67 9.57 -9.45 86.07 -64.53 82.93 -86.9 51.88 55.68 40.67 94.48 76.79 7.59 -53.35 94.27 -46.09 61.93 2.3 -24.08 15.28 19.25 -3.16 -20.06 
6.45 -28.25 26.67 -82.65 -93.67 -38.67 -74.09 76.47 -0.7 0.02 10.02 -13.75 -87.05 -2.5 59.53 -25.97 94.66 -61.42 -58.44 14.27 91.22 -25.66 98.5 52.65 -95.19 -21.62 -73.44 -20.95 -99.77 -99.92 -10.98 -21.88 -25.25 -99.86 -58.12 65.27 -32.07 -8.02 91.2 34.55 -41.22 -21.61 -20.75 17.7 95.65 -35.41 -68.86 -97.79 -15 -56.59 10.45 -60.49 -72.93 -57.91 -76.21 55.02 -86.13 -66.84 63.5 54.91 17.81 7.15 -10.14 -1.05 -15.4 9.51 -36.63 -65.97 -90.43 -94.23 -77.71 45.13 -99.68 26.02 17.81 -79.52 -80.02 -11.17 -76.51 -25.19 67.02 -63.19 18.63 -55.48 -45.98 -5.53 -57.06 39.04 -77.72 -70.74 -24.6 70.81 65.07 20.51 -31.27 33.21 -71.45 -6.59 -1.28 -78.85 
3.63 -66.52 -97.54 51.01 -67.25 -8.03 -50.2 -78.74 77.24 95.27 -67.39 -31.42 -90.62 -67.09 26.95 22.35 -35.84 71.06 -53.28 -47.37 40.53 -10.54 3.48 68.09 -0.14 -34.44 37.73 26.58 -76.21 20.56 96.05 70.56 72.6 -21.13 19.33 5.22 95.87 0.43 -21.84 -51.58 -8.18 20.3 14.27 -74.2 -5.22 -72.66 -90.88 67.77 -61.96 -32.54 -97.39 81.64 76.05 -43.61 -42.9 -65.49 -86.87 34.35 -76.07 62.66 1.44 -48.17 -62.35 -55.11 -72.59 -53.64 -69.11 -1.28 -18.27 29.46 29.38 -23.23 21.25 -99.05 56.25 43.73 30.47 63.23 -26.95 94.31 61.68 7.58 -96.23 66.78 77.88 -18.18 -47.82 59.6 28.97 -35.76 -13.5 -92.38 -38.1 12.57 57.04 -63.77 -70.85 -75.97 -17.51 -50.31 
-48.3 59.89 81.13 27.51 -71.54 -69.72 -55.62 -14.88 -34.68 -24.19 -22.15 89.58 54.17 -84 75.43 14.37 -7.99 37.37 83.52 23.92 49.21 20.94 54.93 -6.78 -97.47 -7.37 -16.42 -44.62 -45.03 -16.39 6.84 24.9 -63.58 -18.25 -37.7 23.59 81.9 -98.04 -75.83 23.01 -10.16 -62.8 -49.19 15.25 40.08 0.95 -97.55 -14.37 6.07 -85.57 -85.94 -90.22 -63.52 -18.55 -9.25 -93.92 17.65 -98.31 97.87 87.21 -23.16 14.49 -3.62 35.35 -19.52 -95.13 25.3 6.69 -89.28 -6.66 -71.49 57.68 46.8 39.33 25.78 -48.27 77.1 -28.71 67.8 -20.33 4.6 -86.38 -14.31 -26.41 -68.79 -31.87 -1.81 43.12 -39.84 -13.76 -40.7 -64.68 10.47 17.39 86.22 40.59 8.38 31.24 -70.93 -7.42 
-78.07 -72.93 -94.69 -89.71 -7.07 66.24 -12.22 81.19 28.34 -63.41 -41.25 -66.48 -86.23 10.66 19.08 -9.54 -10.07 86.96 -31.14 -60.89 -81.74 40.27 -21.48 -67.24 21.73 -6.34 26.48 -72.54 3.29 -0.32 0.75 -28.91 10.93 -62.83 -37.81 29.27 -73.43 -33.49 -54.62 32.17 17.71 45.37 -22.35 66.78 12.04 90.44 -69.19 -90.4 -36.06 -27.75 -45.96 -60.91 11.12 94.57 89.71 31.29 -90.42 -71.66 -0.64 48.34 -27.04 -3.51 1.66 -76.88 23.25 -86.4 21.79 -71.41 26.01 53.2 -14 7.3 -80.77 -8.53 -2.82 81.62 -35.86 -70 -56.02 -18.05 20.67 -85.67 -52.27 -1.67 -89.87 72.12 -49.47 29.06 33.77 7.1 -70.27 -89.49 -50.23 -82.87 33.7 -85.68 65.21 91.68 -50.57 77.16 
-71.86 -13.18 65.28 0.29 -4.61 -2.92 66.73 18.12 4.09 53.9 -50.09 -78.14 5.33 76.5 -96.38 27.02 56.05 -11.97 -74.76 25.99 -95.87 -56.05 29.84 -40.82 24.71 4.56 -39.43 -53.93 48.58 18.01 -85.16 9.43 22.17 -62.9 -26.96 -38.08 -85.92 -4.31 33.72 -73.41 -81.82 95.82 -53.59 0.75 96.24 5.68 45.76 0.91 3.49 -50.42 -98.43 -86.94 -53.32 -18.79 -73.07 -77.88 -31.3 -6.13 -13.43 -78.5 18.23 -87.77 13.42 14.78 11.22 21.22 22.63 -38.29 76.36 -6.2 -94.73 -4.74 79 -90.73 54.86 81.13 4.82 -22.82 -97.43 -21.68 -68.25 -43.8 -36.85 10.66 9.81 17.21 8.01 -79.67 -61.03 -70.67 -49.87 -26.87 -47.84 -22.4 -10.4 -79.51 23.02 -6.82 50.93 -12.09 
-38.99 53.87 -24.12 -88.07 83.72 -87.72 -24.53 -72.81 -24.36 -5.41 -54.83 83.16 -10.62 -83.52 27.81 85.57 2.74 -49.09 -52.62 -25.59 -82.64 2.71 13.26 -30.76 -93.86 -54.29 -14.15 -35.91 -28.38 26.82 -53.96 -69.48 -20.02 -33.3 27.38 -59.36 -28.85 70.34 4.35 77.28 3.36 -10.18 -67.96 66.55 -33.45 -58.17 9.22 23.33 23.11 -7.39 17.42 -29.49 -72.69 97.89 6.14 7.5 -3.27 76.49 -95.68 -79.02 -21.35 -67.21 -25.1 -74.05 -66.37 -76.24 -15.67 -10.34 4.73 -69.57 16.45 60.76 -1.25 -49.2 -90.97 -54.79 -49.63 52.82 -55.41 11.22 63.37 25.59 -60.48 5.02 16.89 -64.4 -79.16 -40.33 73.59 30.51 62.23 -6.15 96.72 -3.09 -72.01 12.32 44.81 -44.5 -69.04 15.84 
-93.52 -85.31 10.25 -91.26 -49.63 -61.57 -7.65 18.43 -2.76 -37.84 -22.32 82.91 -40.29 -66.22 33.11 56.91 -51.92 -71.24 -54.73 -56.12 64.18 51.99 64.13 -21.42 -69.34 14.14 -80.67 18.87 -75.24 -17.66 -33.44 -52.06 -66.28 9.77 90.78 -45.9 -75.42 52.6 -52.77 -4.27 -67.17 -52.92 48.1 -81.52 -29.19 -87.52 -95.02 -29.28 52.21 37.72 -81.45 -2.95 -43.28 -14.17 1.92 -46.34 -17.67 -56.05 41.8 76.54 -82.12 91.39 77.77 -36.73 -52.94 -88.57 31.25 -6.9 -96.18 -61.49 -7.71 -3.12 24.46 -40.06 1.98 -27.9 71.45 -42.42 -78.38 18.25 85.17 -67.98 3.34 -69.86 17.24 -67.11 -17.41 -47.53 12.16 93.28 39.46 -37.31 -81.32 -84.96 -61.42 66.43 14.7 -9.35 -88.59 -76.27 
-51.66 97.39 50.51 7.2 -35.99 6.95 -46.34 -55.67 -13.51 -6.67 64.56 64.5 -83.21 -26.65 13.48 -16.48 -99.81 -77.61 0.45 -70.7 -11.82 -66.45 -20.09 -98.91 10.1 -58.29 -89.63 72.2 -8.87 -17.17 6.89 73.41 -3.86 86.42 59.87 -88.39 12.68 97.1 -75.98 -90.19 -26.03 72.3 -69.67 -70.6 -30.76 70.9 69.34 -11.36 10.15 -88.16 -62.83 -61.98 -62.94 -99.28 -90.36 17.26 -47.14 43.47 24.88 -66.7 -44.53 -12.08 99.81 -94.71 46.05 -8.9 -26.6 -11.74 17.95 -51.44 57.48 -10.42 25.01 -96.97 75.21 43.14 -76.75 42.99 -40.49 23.36 -59.85 -85.25 17.15 98.06 -89.92 -77.15 70.98 27.76 -31.52 -34.65 18.2 85.03 -99.23 -2.01 -31.81 -32.75 -42.39 97.63 -96.14 -74.47 
-92.78 -28.31 -50.4 6.41 -8.51 50.1 -1.89 -26.24 11.87 -72.23 -20.91 -60.41 33.32 17.62 -30.87 -60.93 -16.86 -52.14 12.77 6.25 -43.74 -19.26 -30.87 -99.44 44.71 97.27 41.24 -57.06 -59.45 75.83 -93.34 -33.28 49.54 -75.73 -25.14 46.51 -52.23 -49 30.05 99.59 37.39 -16.75 -53.28 18.67 21.25 18.28 -7.77 73.34 -36.93 -39.54 -47.89 -37.88 3.93 74.33 -28.5 35.68 -25.77 -65.51 -72.99 -54.63 65.34 -3.83 -3.06 93.04 -72.12 -54.36 -24.06 -46.87 11.98 99.29 -27.66 -46.16 43.74 48.89 4.58 5.34 -86.7 -84.8 -99.43 51 -8.01 -34.78 67.92 -10.49 -50.65 -23.87 -48.83 84.05 -9.77 50.55 84.81 -10.66 -64.45 -14.86 -67.49 23.58 -22.49 -22.09 -97.99 15.94 
-75.3 44.47 -13.96 62.99 -28.2 -33.03 -53.98 -53.92 -20.36 -92.47 -59.64 -95.23 -57.03 3.51 79.64 -26.38 18.82 -72.51 -23.31 -78.1 -54.09 6.13 -30.26 25.35 32.59 97.55 -96.76 -95.31 -52.37 17.04 -46.51 -11.98 14.96 64.37 -80.46 -19.29 4.05 -38.71 -1.37 61.44 -31.82 -94.28 -27.22 -67.03 41.38 -63.49 13.27 -81.61 61.09 -84.92 -68.35 35.75 -63.96 71.11 15.81 88.65 26.25 -11.17 41.69 -68.7 12.08 61.79 -73.39 -92.82 89.56 -34.84 -36.03 -73.71 19.95 -69.22 2.82 90.71 87.64 20.9 1.74 -66.53 81.84 -82.4 90.68 -87.49 -31.32 -35.45 -12.99 49.97 -30.61 -9.51 -19.45 5.57 8.81 25.76 -32.25 -57.44 -69.05 20.11 51.83 -70.03 88.42 -46.34 14.78 -70.77 
-59.48 11.21 -94.44 -52.76 24.5 -90.52 -9.16 -47.3 -99.43 64.62 40.24 -19.6 56.6 -25.46 -54.25 71.52 -65.37 18.47 -71.98 48.86 -83.69 -7.21 -83.61 26.21 16.64 19.75 -99.86 4.02 84.59 -52 -34.52 -26.04 39.12 -97.18 -39.65 46.16 -73.95 -77.76 63.39 9.02 -96.86 -12.45 -86.14 48.23 28.25 44.36 81.23 17.61 -20.92 -98.65 -81.85 -79.37 -92.73 41 -45.4 97.21 -49.2 -47.05 4.4 34.03 -43.45 -60.7 69.26 -17.2 -24.66 53.38 88.87 -6.37 72.68 -44.74 13.03 41.69 -80.33 -11.44 87.03 -56.12 -7.48 -15.37 -45.87 -56.66 -70.01 60.64 -10.28 -85.88 0.97 66.8 -52.62 8.44 -70.93 -68.22 -89.7 -84.23 43.56 -25.3 -61 -56.37 -21.91 19.75 64.02 25.23 
22.54 -94.71 -6.86 -55.13 21.92 -65.71 -85.99 86.36 -63.95 6.62 84.9 58.75 0.9 -28.36 49.74 24.27 -50.23 22.59 -63.55 95.36 -28.33 -22.53 -74.56 -25.58 -37.33 29.63 58 -56.07 28.55 -93.67 37.54 39.95 -60.73 -19.62 -27.89 22.97 -4.4 -88.79 72.69 -3.65 -93.7 49.95 -63.38 39.4 -97.72 -15.19 -32.97 -35.23 -88.46 -83.24 89.22 -41.02 -59.55 -13.6 -46.74 -1.43 -63.62 7.85 -58.48 -7.92 21.83 54.36 12.39 21.53 -97.41 61.6 -49.63 -9.37 -21.31 -85.04 19.75 -31.33 11.49 -17.48 -67.88 43.47 41.59 15.11 -49 -48.94 -22.77 -41.63 -50.23 -44.75 -5.81 91.76 -51.6 6.2 -96.7 69.12 -80.11 -76.31 94.68 24.83 -12.61 89.42 -57.65 13.63 -73.63 -27.26 
-49.2 -56.04 7.77 89.16 -90.08 -71.73 -90.77 39.36 -4.49 14.33 -27.11 -82.7 43.25 12.45 60.27 -22.01 -66.69 -8.76 -83.31 -65.95 24.48 -26.15 -61.53 39.95 -63.89 -56.71 -59.78 -79.83 21.52 -98.14 -69.4 -40.27 60.8 50.5 68.21 73.09 -6.92 -60.58 -6.85 5.7 54.72 -45.94 16.82 27.07 -60.91 -55.31 -5.13 3.62 55.18 -69.96 -84.82 -51.74 -5.9 66.1 -97.69 -3.05 -50.9 -44.92 -44.91 -18.61 -91.51 -24.69 8.57 41.67 -45.47 -38 11.34 -45.53 -86.83 -3.45 -75.89 -68.63 62.16 -46.62 28.75 -92.65 99.76 -67.89 15.12 74.11 26.41 62.49 -75.55 6.03 22.45 -37.08 -13.18 -83.64 -94.11 -85.31 -70.93 -29.89 -39.87 -99.35 93.17 -98.21 -8.24 -29.63 -84.32 69.05 
-72.11 8.53 -70.27 -56.83 -25.29 -14.77 -49.47 -57.79 20.98 24.73 52.9 -13.65 82.93 90.42 31.58 38.64 14.59 -7.3 -0.54 74.76 -68.98 24.14 48.78 46.75 -44.25 38.89 4.64 33.63 84.56 -67.97 -33.73 -56.36 -99.65 -59.77 -75.05 -4.87 -26.12 25.33 47.55 -20.9 -51.39 0.85 72.16 -52.53 -97.74 -47.54 -8.14 -48.55 64.04 -98.52 -92.64 14.27 7.63 -22.45 41.35 -71.21 63.09 -31.34 -94.07 85.58 -68.76 -76.81 -0.67 -65.52 -45.54 -42.81 39.77 -37.83 27.47 -41.43 91.7 -32.77 -27.69 22.48 51.84 -97.49 -85.77 -65.22 67.15 -31.43 -2.58 -70.4 3.38 -95.7 -56.53 -21.76 -59.55 -75.17 -16.97 -75.36 -7.98 43.97 -17.53 -70.74 -25.39 -83.48 -35.75 80.93 -36.11 18.79 
-16.81 17.34 50.75 -42.47 -51.16 -3.09 -14.06 6.75 7.28 -95.01 -84.89 -56.52 46.83 7.43 -42.95 -37.19 -84.41 -95.34 -24.38 -82.49 -33.46 -2.54 -71.75 -94.65 2.78 -61.57 -24.58 -61.2 -7.83 -11.06 -70.31 -67.25 -52.6 15.51 71.33 -80.31 -93.62 -1.88 -99.51 -29.65 -50.23 -66.44 -100 48.44 49.78 48.95 -91.72 51.99 -74.35 -0.23 10.6 18.87 -19.27 -66.26 11.99 4.21 53.71 -7.26 63.93 24.44 -21.51 31.74 56.94 -45.64 -93.61 -30.23 23.62 -57.86 -32.05 -9.95 -52.8 24.4 96.36 0.09 -90.45 -97.92 -23.09 -48.17 29.02 -45.06 33.92 15.67 -78.03 -50.96 -57.2 -46.91 -44.36 29.9 -33.96 -62.98 -46.54 -12.38 51.91 71.14 25.08 -55.83 -39.58 -66.36 -43.37 70.36 
-27.36 -96.68 -73.16 -28.09 26.32 -23.66 27.39 97.14 -68.01 -40.94 -38.46 -62.66 -19.39 51.96 3.54 -31.78 30.75 -68.88 86.65 9.71 12.21 -2.35 8.58 71.93 91.23 41.95 56.27 -82.33 -21 -2.53 -84.73 13.25 37.32 13.87 -89.49 9.09 88.21 -46.1 -28.66 0.38 -48.13 -47.41 -19.8 75.12 92.22 -99.62 -93.37 -55.34 -99.65 -72.91 19.79 -18.84 16.89 76.11 -82.62 -32.64 -91.63 -65.02 -67.65 11.2 -71.39 -73.26 -76.7 -90.89 12 -74.07 -87.97 -57.57 72.2 -66.48 -72.58 97.37 23.57 32.08 -25.64 -73.25 -80.13 44.87 27.44 -23.93 -4.17 0.93 -15.08 -8 63.4 -16.95 19.14 -62.01 -96.28 -2.99 -22.13 -11.61 17.33 -3.87 -16.67 15.01 24.46 82.78 -78.08 -11.37 
65.4 -81.24 -11.83 -24.64 50.15 -63.88 -23.92 -11.36 -88.39 6.12 -80.33 -65.83 -88.48 85.53 43.89 -99.78 -85.02 76.63 -23.33 38.95 -99.89 75.49 77.08 23.07 22.54 -27.58 93.87 34.38 -81.41 -54.71 56.38 -8.36 -75.8 -32.98 42.01 -4.3 12.51 -51.33 -22.88 39.75 -98.2 -2.96 26.61 -62.87 30.2 -47.22 -71.08 46.43 -78.8 -48.19 86.99 -45.2 -91.2 -53.81 1.58 27.02 -53.78 -30.08 -95.43 -99.92 -39.26 -41.96 -64.01 -83.68 -53.37 -61.5 83.88 -16.85 -30.69 -7.35 -71.07 -75.37 -50.61 -77.32 -67.99 21.84 12.44 -80.07 59.62 -90.94 -16.14 95.72 -12.37 16.49 -53.49 -31.47 65.69 -5.45 31.96 -60.24 -83.65 -63.95 -66.65 93.91 -3.64 10.11 -17.02 74.93 -95.42 47.19 
23 8.65 -74.32 -84.95 10.28 35.56 -18.46 -0.74 -75.74 -56.83 15.26 -95.49 -81.27 15.29 -49.66 1.38 35.42 -97.4 -56.6 -14.44 -35.02 -2.46 -63.39 40.3 41.34 -18.25 15.79 -52.34 -57.85 -34.54 -53.87 -39.28 43.12 -79.09 4.22 3.72 -45.67 -30.29 -10.97 -90.22 20.11 -3.64 62.5 76.42 -89.15 -73.35 -84.95 5.57 58.46 -90.86 -3.91 14.87 55.12 -48.96 -86.71 12.56 5.72 -76.55 -67.72 -3.1 85.34 91.47 -42.94 -73.95 -56.97 -34.99 -21.9 -44.8 76.01 -93.36 91.89 57.18 -95.43 37.04 -61.64 -66.05 42.24 48.71 -71.75 82.24 -23.64 -12.13 -72.17 -92.48 -73.88 -44.49 -99.11 -84.02 -30.04 59.84 -28.79 35.96 -84.66 -28.88 26.46 -63.45 -86.17 66.49 -68.76 -72.64 
-16.28 -79.99 -66.01 -25.38 -29.33 6.37 11.89 -75.77 -35.84 -18.12 -40.08 -52.05 10.65 28.5 -69.96 -45.87 -45.93 3.02 -67.27 26.13 -78.69 -50.58 -27.03 25.57 -40.42 14.74 5.23 87.34 79.78 -10.11 90.26 15.92 -89.5 -7.33 10.47 -13.61 -38.45 -9.14 -60.5 -78.4 24.83 18.76 -96.41 -51.29 -11.74 87.42 26.2 -55.1 -26.37 -77.51 38.03 98.96 -58.21 -10.29 65.32 9.02 4.09 -19.85 84.85 -80.07 42.87 -99.57 -13.89 -56.15 58.68 -17.42 12.29 -26.19 -63.55 60.66 -24.36 65.97 -41.23 -0.61 87.02 -50.77 13.97 -33.69 -89.89 -81.42 27.09 17.98 97.19 -24.83 -42.78 -4.16 -8.95 -32.48 -85.15 6.65 90.99 77.61 -6.43 19.29 -35.17 27.39 -55.51 -15.45 9.29 -46.05 
-22.92 -58.08 23.78 -92.52 52.78 0.65 -21.56 -11.68 -91.41 -21.8 -37 13.53 87.68 -97.31 41.81 -58.13 -11.8 -50.37 -19.67 -52.16 -0.54 -91.29 45.16 -5.32 72.48 -31.69 42.79 82.33 36.5 -14.46 -77.5 28.62 25.92 33.79 -86.9 78.88 -37.11 -8.4 24.99 -48.82 -84.54 -18.57 -74.27 -94.03 8.57 -62.66 -17.65 77.26 99.08 50.54 -49.32 96.33 7.12 65.29 -52.23 79.58 8.6 97.69 -59.28 45.35 -82.83 64.67 -3.51 -36.95 86.24 -80.95 -22.86 -49.22 59.16 33.43 -19.68 24.75 -6.02 18 81.91 10.09 84.57 -80.55 25.17 88.91 -23.31 9.36 34.66 -47.45 -16 92.15 -4.93 42.44 -63.59 -58.78 49.73 8.07 -61.71 65.54 -72.98 -48.16 -88.6 -91.19 19.8 -23.6 
-63.81 -48.18 -61.37 59.39 53.68 -14.11 -52.86 -49.77 52.09 -61.29 -72.23 3.14 23.98 -62.48 -75.5 11.04 -54.47 24.89 17.5 -87.86 68.19 -94.27 -7.04 -0.01 3.9 -76.09 -11.27 -19.28 -29.08 42.52 4.68 19.19 -42.08 -7.71 -44.03 -9.83 -62.79 -16.24 -92.58 -94.28 -55.52 -95.38 81.9 -51.98 -61.36 2.48 -17.16 31.82 4.1 -8.74 -13.93 19.32 4.6 -90.63 -63.77 5.54 -50.99 -4.62 52.11 -62.9 29.06 -39.74 55.08 8.16 -70.14 -35.18 -43.42 15.61 -52 -33.78 -91.57 -78.57 92.07 91.2 19.79 42.72 -10.14 -27.69 -51.01 -70.11 58.38 11.2 -21.71 13.34 96.51 -56.74 -67.25 -52.96 -56.11 72.36 94.18 -45.17 93.87 13.47 -35.33 -28.1 -45.51 -83.73 43.6 -91.74 
-5.07 -39.09 -89.13 -75.21 -60.93 9.23 -75.07 35.74 69.24 -1.24 15.63 85.79 86.99 13.75 50.53 -10.02 83.14 54.52 -76.92 12.38 89.79 39.39 87.82 69.5 -76.49 -28.8 14.47 -12.42 -96.44 96.26 43.65 -2.22 -63.03 34.45 -92.5 53.5 26.74 -82.96 -57.38 -5.6 1.51 -21.1 24.47 -92.72 -17.52 -69.2 -72.63 -53.26 -18.44 18.58 62.81 16.69 40.18 0.87 -15.2 -92.25 9.3 -30.81 -10.12 -95.74 90.47 8.25 -37.75 21.87 4.58 -1.25 16.76 -16.88 -6.82 -34.89 -96.6 -39.96 72.18 -23.55 87.58 -76.92 6.72 75.75 -32.4 -72.45 69.6 11.55 67.24 -86.97 17.88 -29.64 -67.27 -2.01 -96.73 16.17 1.99 -35.73 -74.5 30.88 0.79 -52.34 -4.69 49.43 6.12 -55.83 
-81.82 13.04 -72.7 -51.91 44.53 -54.87 -67.93 -38.55 -9.19 -90.56 70.53 22.73 -97.14 -79.16 -5.66 -7.67 -40.37 -35.8 -86.57 -12.65 -92.38 -6.16 -6.08 20.14 -84.05 -20.41 -5.18 -28.32 22.81 -17.29 -86.58 -94.95 -21.55 -59.71 2.57 -34.93 -57.37 5.31 -82.92 -83.79 -9.49 -70.41 -30.36 24.34 -29.92 34.54 -65.85 -99.54 26.77 52.61 -95.42 -47.64 40.65 -49.45 68.49 7 10.68 89.67 -79.53 26.19 78.55 -21.48 -80.81 99.73 -7.69 -26.22 -31.33 -25.45 68.36 22.68 -0.22 91.45 -24.49 -18.62 -78.01 -12.14 20.75 41.37 -25.28 -51.17 -50.06 -19.09 7.39 88.32 -56.93 -47.65 -1.11 -57.45 -72.14 33.18 -11.97 -54.8 14.75 -37.92 36.02 61.75 75.04 49.62 43.91 -68.83 
-15.68 -81.08 -13.64 1.48 12.43 -53.21 35.83 53.49 82.16 13.73 -91.54 -68.54 29.06 58.94 -25.73 -90.78 -28.22 48.91 -82.01 -89.95 -45.05 -97.94 3.67 -7.88 89.08 25.27 -36.19 -82.11 -16.47 -3.96 -29.89 91.33 -13.73 -0.61 -63.6 -84.48 -62.8 72.35 -57.11 24.84 -85.29 96.99 -1.85 -75.09 5.66 -38.97 -8.16 86.19 -93.95 -54.12 -26.28 75.35 -51.35 8.04 24.76 21.44 -35.33 -50.05 -54.79 -50.14 99.3 61.12 12.67 -97.51 -79.92 -12.94 86.16 23.7 27.37 -48 -73.85 7.28 11.93 -52.16 10.95 -56.34 -81.79 -74 59.56 -46.3 -86.34 21.93 1.35 14.52 -9.68 -83.31 15.19 6.39 -89.9 -42.99 -89.79 -95.07 -82.24 -70.26 -56.52 -30.81 20.06 -28.4 -57.75 15.72 
-14.95 16.59 -80.21 -47.43 -54.9 96.01 -15.65 -59.89 -97.86 67.82 -61.25 -52 23.13 -32.96 -4.15 -86.11 75.25 51.72 79.39 4.92 -89.94 -59.71 -51.5 12.93 31.36 34.3 57.98 87.03 -74.05 -84.37 -28.98 46.85 -45.97 -10.94 -35.52 -13.46 1.65 -72.87 -84.43 -50.81 6.84 81.94 58.99 -48.26 -42.22 16.53 94.92 97.7 -32.02 90.68 -44.02 10.74 44.01 -95.04 -35.19 -13.74 -70.59 -83.69 -24.86 25.69 10.65 -17.52 -73.85 -45.05 -24.98 84.54 -86.2 81.44 19.09 10.58 72.18 -39.21 -21.4 11.31 -43.7 -50.71 -42.96 -83.01 -76.44 -82.63 57.73 -69.08 -92.86 -80.7 -92.46 1.54 6.57 2.92 15.24 -7.49 -34.88 1.26 -75.21 46.74 31.7 -84.25 2.66 10.28 -89.18 55.91 
-87.27 -66.68 26.12 85.68 -66.94 -64.29 -37.35 43.79 -6.55 -56.61 -78.13 45.33 47.61 17.31 46.21 55.46 -25.99 36.49 -46.79 68.14 -83.28 -66.62 -50.71 3.91 -92.52 56.04 16.07 -84.74 16.24 -34.26 -33.17 -97.34 -30.66 -78.64 -35.65 -65.81 10.41 -45.26 -11.19 -15.25 -82.67 -84 17.28 -18.85 -62.29 48.52 10.06 7.45 -77.76 -0.04 26.89 -19.64 31.09 -60.06 -44.46 -74.47 -52.05 13.97 -49.6 94.39 36.64 -12.83 -55.67 -83.84 -84.89 1.33 16.56 -90.1 -62.84 -12.19 69.12 23.46 -15.52 21.75 -30.76 34.7 25.06 -73.96 -40.86 -62.38 -52.85 82.76 9.47 20.64 -2.89 -77.65 -47.7 -78.57 96.19 -19.88 -79.18 59.58 -90.64 -69.36 84.67 54.29 -24.64 0.52 -55.58 99 
-7.91 -64.17 16.75 -70.09 39.1 -7.11 7.61 -18.6 -79.38 -84.13 15.71 -89.97 -61.55 4.01 25.48 -47.43 22.9 -44.73 14.53 -96.01 -64.71 87.07 45.53 27.56 -6.15 -55.61 25.04 -95.7 -57.48 57.55 -92.34 -57.49 -87.41 -25.12 -31.55 -24.13 3.19 89.99 -22.78 79.26 -12.34 -6.84 -12.74 -92.5 -25.69 11.15 -96.15 5.35 13.48 -66.82 -3.97 -95.68 -73.82 -21.28 -86.96 -30.05 18.86 -58.86 -90.8 27.55 -74.85 -15.98 42.74 2.43 -28.65 -82.18 -87.88 -48.18 4.22 -42.73 27.32 68.83 48.06 8.2 -29.2 -57.76 -6.35 7.63 -73.16 -92.28 -84.5 -84.97 18.84 72.3 -81.83 -28.03 -56.03 -76.07 -62.3 -74.22 76.78 -23.55 -90.43 -80.13 -43.59 12.62 44.32 -2.61 14.56 -50.02 
-97.26 -32.69 -94.85 28.6 3.62 48.12 -68.46 -37.8 -42.14 25.19 25.76 -35.31 27.91 -92.71 -16.16 -12.83 38.42 39.7 29.23 9.27 -54.64 -4.67 46.23 -67.18 70.57 -11.31 -57.14 -44.48 15.06 83.1 -16.92 53.67 -52.23 20.97 -9.98 47.29 -2.21 92.2 13.56 0.08 16.79 23.93 74.63 -74.52 -91.77 97.9 98.45 19.28 19.46 10.78 91.8 83.65 6.07 11.32 -12.78 69.58 5.35 -12.95 -16.41 -86.82 25.78 -8.02 14.53 -24.43 -61.56 92.11 -51.44 23.84 87.94 11.88 84.45 79.64 53.37 92.24 90.14 -67.42 -6.03 22.29 -89.4 -31.64 54.67 -85.28 69.68 -40.39 53.35 -72.56 65.31 -10.99 27.26 22.85 -52.51 33.18 98.6 50.21 -26.06 74.82 79.33 -6.41 -82.19 12.12 
83.74 -84.59 63.03 -1.28 28.33 -25.48 -78.99 66.37 -18.76 -91.95 -69.89 -47.09 -57.17 -35.28 -84.1 -84.66 -9.99 -10.48 -47.44 84.5 72.09 76.98 -81.53 73.34 41.93 -68.54 49.92 29.26 -36.56 83.6 -5.53 -13.1 -91.2 -86.11 -80.72 1.57 -36.81 -56.51 86.37 34.45 -81.58 19.6 7.34 65.49 88.21 -80.72 -56.8 -88.47 15.8 -64.44 -27.77 -21.19 -8.26 -13.68 -4.5 74.08 88.82 1.56 -62.46 18.47 -66.06 -96.05 -92.71 22.53 -88.66 -27.79 2.09 -93.49 -42.76 0.19 9.66 10.03 23.19 -31.16 -28.53 -82.63 -44.18 48.25 -65.32 -80.83 -27.92 -4.3 -84.22 85.83 -84.11 -11.6 -18.13 13.71 -86.11 7.82 -16.87 68.48 50.06 52.49 -16.95 -68.76 81.22 2.78 56.17 -94.07 
-29.45 73.98 -15.28 -23.47 27.16 76.84 -41.75 -50.72 88.49 -50.26 -22.21 -80.56 -2.82 -90.74 8.9 -78.87 -92.66 32.09 6.6 25.45 -38.91 -99.63 1.19 51.67 -6.48 0.01 -19.43 -81.47 49.88 82.48 5.13 -89.03 -31.36 22.54 -7.27 72.31 14.24 12.13 99.28 -79.35 89.79 22.6 -97.31 -96.22 -1.32 90.7 -54.58 -25.61 -37.99 -60.79 -96.94 35.75 98.95 -6.15 -87.26 14.53 34.45 -54.34 73.68 -38.21 73.38 -92.01 -31.58 62.17 -77.51 -40.45 46.94 -98.74 -17.73 7.76 49.7 -90.34 -31.23 -6.07 -45.42 1.55 -1.87 -8.7 -18.91 54.02 25.92 59.97 -25 -74.01 -17.71 -15.63 90.05 -22.4 -79.21 -72.44 51.26 -40.68 49.42 12.89 27.37 -36.55 -8.49 -72.99 -41.43 5.21 
26.06 -11.08 -28.84 -48.44 -60.08 -97.8 -61.67 -30.67 97.03 82.18 -15.52 -57.51 -38.8 -71.85 -97.15 -12.24 18.22 98.54 28.84 -47.48 -11.08 1.5 -10.47 -35.68 -27.38 -49.5 -51.5 -24.15 85.24 22.91 43.27 25.54 9.67 -82.37 21.21 72.69 -49.16 -68.81 73.89 -43.06 -16.88 71.26 -69.29 68.7 -92.21 -49.39 20.41 -77.08 -72.21 -55.56 3.76 -92.03 -2.34 6.91 -75.57 -32.09 -48.42 -33.66 -84.47 -76.22 46.3 90.56 87 -3.11 -88.87 -96.6 8.57 -54.23 9.92 -79.35 -3.83 -3.21 -86.5 86.3 -98.55 -36.75 -61.28 45.47 38.18 -28.79 56.67 -49.99 -42.36 -68.6 94.3 -88.45 34.62 -83.89 -25.19 15.08 -74.96 61.09 -21.86 12.26 -92.21 36.47 -83.92 20.24 48.5 72.95 
3.31 21.69 -27.82 3.84 25.14 19.54 -81.12 -52.13 -67.53 3.85 9.36 -72.72 64.46 -92.35 -4.84 -98.68 -40.8 -60.81 -13.93 20.51 -38.21 -73.47 80.17 87.99 -65.69 70.96 -5.98 -0.63 -58.88 -21.06 -75.55 -52.57 22.63 75.38 66.93 -41.36 58.34 -16.95 -88.3 -98.68 -99.36 -54.8 2.18 -20.96 -92.28 -42.73 89.23 -19.03 -49.44 -85.79 -67.86 -97.07 39.61 95.02 -64.81 -48.87 12.12 -49.73 66.11 23.29 -72.56 -34.51 -73.59 36.51 20.27 89.45 49.79 -75.69 -39.02 -1.94 -67.83 -34.22 -12.04 -27.35 -83.1 -58.38 -32.35 -52.1 63.91 -3 -40.36 -82.97 41.24 -59.88 -78.36 -48.34 -32.02 43.57 76.01 -82.52 59.48 56.15 40.86 2.7 67.91 -90.8 -45.92 -55.38 32.83 -81.13 
-77.42 -39.06 -60.94 -14.83 -55.43 -10.05 -75.86 95.73 84.03 -51.56 -77.84 77.82 -61.48 -43.65 41.45 -97.95 18.21 -52.57 -92.43 60.09 34.19 -31.84 -75.39 56.1 33.48 -49.83 85.99 -74.39 -84.99 49.96 15.5 81.25 46.62 4.91 31.69 49.81 -73.9 29.2 -45.77 76.98 -23.42 -80.1 -9.52 -1.78 -82.95 -30.77 3.56 -14.06 -18.75 25.45 -65.8 14.22 72.67 -29.09 -28.32 -8.46 82.01 15.04 96.57 2.91 -0.52 -1.85 12.27 49.95 -11.19 -44.7 -56.46 -48.24 -51.07 -93.89 24.86 -13.45 -48.65 60.17 -81.13 -20.59 -14.16 21.02 30.39 -73.09 14.96 -34.37 6.99 21.22 -17.1 -22.04 -18.77 -31.21 4.77 96.55 -60.91 -5.99 -35.35 -72.77 69.65 -70.95 -8.8 1.98 -68.33 74.18 
-92.77 -90.56 96.41 80.56 -5.71 -85.45 -8.45 16.68 -14.35 -39.25 22.79 -2.01 -90.15 23.08 80.89 -12.56 17.12 25.19 -89.52 -78.6 -82.95 -69.2 -40.47 -18.78 -82.17 -58.11 -95.51 -39.47 -24.27 26.96 -95.68 -98.09 11.29 -16.09 -38.71 80.65 22.32 65.26 -39.09 7.04 -54.34 -17.23 58.33 27.12 8.71 -37.95 -37.93 -79.05 -94.69 -33.83 -29.96 -96.19 -96.6 -53.95 44.41 -51.4 -45.23 36.79 -78.96 13.62 -76.99 -67.96 -34.42 21.59 38.52 -69.78 82.29 -8.93 -40.04 -85.75 -97.09 -89.09 -99.48 -79.6 12.56 -92.2 -87.1 -88.73 -36.76 -68.42 -34.04 -34.23 19.54 -74.61 17.66 -81.98 -85.58 -56.39 49.01 45.59 10.88 23.11 -34.09 -16.43 53.74 -44.43 -62.25 77.43 -45.78 98.65 
-9.62 -99.64 55.36 -81.87 17.98 -47.69 -79.24 -56.22 -96.21 2.32 -62.37 -79.78 -60.04 44.85 -11.03 -49.6 -44.72 3.94 -58.52 -84.54 34.84 2.62 97.65 6.36 -48.78 12.33 -24.69 -16.71 80.3 -44.81 86.93 -44.26 -23.34 -62.45 -3.42 -7.39 -56.44 -86.86 -22.06 66.06 -23.33 92.91 -99.68 89.5 -43.32 97.26 95.69 64.02 36.32 36.2 -34.31 -84.92 -47.98 -57.16 -97.01 46.31 78.06 -58.7 43.31 -41.77 25.9 -50.78 5.28 69.66 40.5 -6.38 -43.88 16.99 -16.41 -51.14 49.41 -1.16 -48.59 43.56 62.3 -39.23 6.24 72.84 -27.91 -21.36 22.48 84 -66.32 -87.84 -81.89 84.91 -19.38 -19.19 -68.22 -86.74 -33.36 -2.68 84.42 -26.5 -78.48 13.27 -16.44 39.18 -2.3 -7.35 
-22.5 23.1 32.56 -51.06 34.23 -48.34 -41.98 29.51 -26.44 -22.58 10.26 16.94 -82.97 -91.31 -84.39 -4.87 -33.25 -24.26 26.91 -69.71 -5.26 -19.84 -39.29 -25.47 -45.85 -74.3 62.92 -13.34 -6.22 -46 53.26 5.72 -29.84 83.14 -32.56 -66.6 -16.43 -65.61 -26.8 92.89 -85 17.5 17.32 -32.87 -52.09 -36.18 88.19 9.46 81.71 -37.02 97.94 -63.94 -26.15 69.09 -90.86 82.58 -61.13 48.81 16.45 -89.14 -43.96 -34.65 -94.08 -49.61 84.25 -67.76 -73.84 -20.51 -0.47 18.1 0.04 -60.85 -18.27 -72.11 87.76 -100 -87.71 67.37 -31.37 -63.6 -20.13 50.22 -62.84 11.37 -37.66 16.29 2.11 -39.42 -52.23 97.12 56.44 6.45 -20.15 9.65 45.36 -66.73 30.84 -97.99 -21.13 -75.28 
51.46 -95.73 -73.36 -14.02 40.99 -45.29 -68.93 -31.06 -23.35 57.17 -91.63 -30.42 -16.44 97.04 -41.6 90.34 78.06 5.54 80.95 21.76 23.17 25.58 -72.42 87.24 88.65 43.14 29.42 -3.29 -73.48 52.38 -99.96 89.21 78 3.58 -35.39 -30.24 -89.85 17.09 71.84 -62.46 21.42 -64.46 -17.64 -89.28 3.58 -36.32 -47.83 -65.65 8.09 -70.29 -17.14 -74.29 12.83 -10.16 6.62 -78.04 75.17 41.89 -77.52 84.78 -34.39 43.89 -65.44 -69.07 -12.93 74.16 -40.24 -54.35 -4.94 -92.85 66.61 -37.34 -48.38 69.32 -10.9 -81.4 -99.21 38.72 34.68 98.04 8.86 29.21 51.61 -93.89 25.31 -15.51 -42.37 17.27 29.07 18.77 -15.17 -84.38 -69.1 -79.21 31.64 45.8 -16.44 -89.03 98.45 -74.14 
-20.7 -88.69 14.67 -26.95 41.58 45.1 -94.08 70.76 -75.44 94.39 26.49 -36.77 -93.96 -91.1 26.8 98.39 -80.74 21.8 -84.91 -37.65 9.33 6.51 -16.78 -18.5 10.62 -72.04 -61.47 -15.38 -86.06 1.17 1.2 -86.33 -48.07 6.02 -97.34 -53.96 -65.11 14.03 -93.94 18.77 -53.33 -24.1 90.9 49.71 -33.07 -6.5 26.91 -98.66 -58.19 97.69 -26.86 84.34 44.19 -53.04 7.98 93.35 -56.89 -33.71 -93.14 -91.56 -78.35 51.67 -43.23 14.12 62.8 -48.67 -67.75 -41.46 -27.9 19.37 -3.07 -11.68 82.7 -87.89 -49.15 15.14 11.09 89.2 21.6 -56.77 73.17 64.06 57.98 -79.44 -68.86 -15.17 -54.72 -91.44 -17.16 -62.71 -13.7 -83.77 -80.59 6.25 15.75 -4.37 -5.17 -36.66 -7.51 -46.99 
80.04 -3.43 54.13 -3.84 70.64 60.23 -0.3 -0.23 -83.29 5.01 -23.58 -28.98 43.67 -26.51 93.82 90.98 -90.65 -26.06 -12.14 -86.09 -65.61 53.84 -69.16 44.85 -66.12 28.52 -86.04 -88.63 -18.9 58.77 4.43 -45.5 -62.19 -82.13 -67.85 16.09 -90.69 -21.91 7.48 -45.93 -85.72 -68.57 -36.55 -38.93 -27.9 -65.48 36.91 -46.61 -29.77 -67.35 -20.4 -85.09 -81.55 74.1 -35.12 -41.62 71.68 46.54 4.39 -66.72 -29.21 -89.69 14.84 53.65 -6.19 -96.96 9 13.01 58.31 -48.12 69.91 -33.56 -68.8 61.81 -21.73 -46.83 -72.62 -15.96 -13.81 -51.77 19.12 26.78 87.96 35.84 -49.52 -60.1 17.17 -85.83 25.67 80.57 -19.43 24.33 -9.15 46.71 -80.48 -31.72 -61.97 -91.36 -30.79 -74.13 
-72.7 -20.9 -12.91 -47.49 -46.49 -29.07 -59.99 16.52 22.18 87.26 72.66 -73.86 3.02 -68.7 3.9 30.34 89.75 -6.25 14.48 -3.17 58.06 -84.69 -12.77 -95.44 -53.98 69.64 67.64 9.53 -97.89 38.73 -34.47 -4.61 -13.22 -69.79 -98.17 -51.21 -25.14 -74.2 2.02 -60.96 -63.71 -62.33 97.66 3.33 93.52 -75.98 -75.07 -29.16 17.94 -38.22 -84.38 84.14 -16.72 83.02 -52.02 85.14 -70.51 -35.55 -14.97 -11.96 97.61 -93.49 -70.44 -74.34 -87.34 4.05 -28.06 -53.25 -80.16 68.54 -69.53 10.4 -6.69 -42.84 22.21 -76.75 31.49 -63.44 -83.24 -96.21 5.22 -29.2 22.1 8.85 2.09 25.04 -90.07 -21.09 -87.76 -82.84 12.62 -36.92 -5.31 -54.96 99.43 -22.12 -86 -72.28 59.61 20.39 
-79.34 -77.26 -74.22 -88.66 66.92 -48.8 -32.94 22.63 -72.92 48.07 6.94 49.78 -72.83 3.6 -4.88 13.91 12.16 74.91 26.75 -82.51 53.68 -30.23 -38.37 -34.21 -39.5 -48.16 53.81 4.3 60.61 -60.3 25.07 -18.37 23.48 31.89 -32.82 7.35 19.25 -74.03 51 -62.29 -67.93 29.78 -91.76 -51.95 -62.82 -84.04 -16.74 -47.45 -64.22 -86.35 -79.72 -65.77 -64.33 20.27 -52.3 -51.78 -85.55 71.93 5.55 86.57 -27.59 -48.58 88.23 52.63 -11.59 -40.78 -25.54 -55.7 -65.09 88.29 97.14 25.68 95.18 17.47 -49.37 -87.99 -95.27 75 -49.88 -56.47 81.56 -68.55 -8.74 -18.76 56.2 -32.72 29.15 17.36 34.57 -40.53 35.73 97.42 2.47 74.98 -43.62 -6.55 -72.17 -22.83 -26.04 -91.85 
-57.74 28.6 -56.35 70.96 34.4 39.06 4.6 29.08 -78.22 48.46 2 60.54 -17.34 -6.37 -36.08 -87.68 63.35 -89.88 79.31 90.38 51.16 -39.19 59.59 11.33 92.29 -66.2 24.17 -8.6 -4.24 33.31 -29.15 20.62 -80.22 65.73 -28.59 -76.48 -62.99 14.62 -80.5 -39.25 -58.96 -67.56 77.22 -12.49 -58.43 19.35 -3.27 27.72 66 -12.92 -68.76 94.75 -63.88 -30.23 -11.73 -78.48 -66.54 24.31 28.94 -45.31 43.13 -15.63 -33.83 -22.53 -48.58 -80.89 -79.03 43.62 87.25 -98.94 68.23 -40.37 -23.99 6.67 -70.85 18.59 30.05 -69.42 60.99 -53.59 -21.52 81.78 -94.65 -31.88 -96.98 -83.03 56.42 22.95 -49.26 26.56 67.73 91.11 -37.5 -93.09 -60.16 -96.13 -18.13 19.53 20.27 46.38 
