100
83.29
2.76
2.54
35.37
-82.02
-31.44
-1.48
58.2
-38.53
13.8
89.88
-83.23
-24.11
-66.21
-7.58
-13.88
-82.33
97.57
5.23
-43.06
-42.72
21.28
-75.04
1.67
15.73
-30.34
67.65
43.76
-38.68
15.41
-15.42
12.5
-52.09
-11.41
-74.63
-11.32
63.69
9.81
68.75
-51.36
73.82
-63.03
12.44
-21.73
-16.55
11.08
15.25
-93.12
59.82
26.51
99.41
-61.04
-11.29
-54.82
-72.27
-85.35
33.95
-94.21
31.89
-40.23
-26.98
66.51
-0.42
-22.39
-54.47
19.6
35.56
66.72
-29.37
12.15
-44.72
-57.53
19.02
26.19
81.25
-55.57
-12.83
-34.8
-43.65
-28.85
-21.48
-89.1
-72.81
-24.5
-58.57
-64.36
-37.15
-20.79
72.89
13.02
38.4
43.99
-94.29
-11.44
82.94
-84.78
-90.16
-34.03
38.44
-54
